0.122871
0.643921
0.870908
0.546737
0.053962
0.950410
0.450193
1.296733
0.956892
0.891065
0.869431
0.538294
0.515952
0.079130
1.036936
0.437376
0.846898
0.140002
0.964902
1.142304
0.480955
0.407655
1.350891
0.257061
1.133014
0.933513
0.298342
1.351214
0.472805
0.558169
0.597637
0.352150
0.698692
0.958995
0.115412
0.691780
0.382351
0.786364
1.139378
0.810587
1.067144
0.589864
0.942184
0.581327
0.889489
0.969529
0.540560
0.210685
1.062013
0.492030
1.541316
0.761532
0.462276
0.936265
0.891553
1.126023
1.071536
0.646933
0.693020
0.817947
0.743212
0.513851
0.393584
0.890869
1.152277
0.785112
0.209553
1.001678
0.335314
0.950373
0.299823
0.993239
0.992101
0.925600
0.705485
0.023204
1.450325
-0.177392
0.610673
0.927712
0.589530
0.618442
0.738708
0.802656
0.653255
1.394440
1.177987
0.735141
0.733619
0.902947
0.900366
0.530329
0.362488
0.248390
0.537868
0.776511
0.960965
0.349773
0.842986
0.363738
0.492509
0.012985
0.632367
-0.075469
0.410769
0.627885
1.149089
0.745700
0.868200
1.192098
0.000512
0.442389
0.731265
0.690623
1.128399
0.252074
0.993771
0.652951
0.938348
0.093506
-0.078481
0.419124
0.816901
1.011535
0.627702
0.321739
0.731455
0.397554
0.580082
0.583017
0.864690
1.029313
0.652269
0.968290
0.816259
0.238633
0.672630
0.853033
0.034557
0.645705
0.269454
-0.175157
0.604359
1.129250
0.511543
0.673420
0.600809
0.416448
0.245058
0.805077
0.686745
-0.005925
0.658965
1.384436
1.231694
0.630755
0.739596
1.397079
0.774556
0.913440
0.549812
0.676657
0.574638
0.668104
1.042546
0.838901
0.944980
0.162129
0.576167
0.462146
0.261719
0.861049
0.852142
0.034769
0.565151
0.446819
0.806008
-0.369644
0.920424
1.117072
-0.011098
1.222948
0.227190
0.659209
0.652330
0.776818
0.627220
0.686865
1.111519
1.140876
0.693953
1.068738
0.502076
0.128989
0.379360
0.818578
0.070480
0.755576
-0.114411
1.215237
0.482788
0.743580
0.683168
1.006587
0.752622
0.833114
0.378550
0.578228
0.594588
0.152375
0.524370
1.229398
0.485624
0.259596
1.133472
0.912397
1.062306
0.572430
0.445953
0.258625
0.356769
0.674186
1.695135
0.924138
0.808183
0.348605
-0.037281
0.674130
1.229619
0.773886
0.882972
1.065655
0.460236
0.402604
0.789452
0.314475
0.212569
0.437367
0.464877
0.825141
0.604967
0.701892
0.969316
0.464883
0.378105
0.559084
0.938732
0.629664
0.619644
0.256542
0.217832
1.037443
0.478968
0.926688
0.506272
0.985266
0.424984
0.500848
0.246230
1.085495
1.460501
0.829822
0.914827
0.573788
0.709416
0.510797
1.032889
0.580272
0.982711
0.950135
1.119894
0.650074
0.980059
0.374200
0.199377
0.629057
0.651748
0.551612
-0.031869
0.423428
0.637414
-0.046225
0.335480
0.853746
1.310021
0.589266
0.639437
0.188056
0.720943
0.772000
0.734096
0.472332
1.279995
0.860444
1.302060
0.481055
0.944321
1.020964
1.167144
0.757238
0.272960
0.576908
0.790974
0.872114
0.310836
0.179072
0.753536
1.062568
0.680376
0.401437
0.240994
0.733520
0.131586
1.068190
0.869341
0.767925
0.217298
1.000439
0.334672
0.982480
0.945385
0.300906
0.925889
0.885630
0.357403
0.442455
0.420078
0.861738
1.140969
0.628138
0.380546
1.315831
1.032727
0.131763
0.693045
0.748788
0.634719
0.519538
0.751740
0.811776
1.651365
0.547472
0.123965
0.442996
0.645610
0.355615
0.861247
0.555989
1.093636
0.787782
0.368851
0.159976
0.336134
0.486635
0.169349
0.474832
0.608865
0.588862
0.572538
0.426369
1.395035
0.337389
0.659078
0.768990
1.018913
0.490921
0.456737
0.901047
0.691790
0.917356
1.077658
0.708450
0.659263
1.309841
0.346041
1.015284
1.026300
0.385715
-0.072655
0.480269
0.325044
0.380659
-0.009982
0.095736
0.557552
0.539165
0.068578
0.509871
0.440314
1.123390
0.788192
0.921079
1.488622
0.317216
1.480772
0.757098
0.481023
0.599618
0.557544
1.047457
0.525755
0.688747
0.376985
0.207203
0.194792
0.092898
0.747089
0.868513
0.852282
0.611825
0.554299
0.841019
0.290757
0.943413
0.435966
0.752753
0.686380
1.432349
0.964311
0.582360
0.541353
0.738407
0.765875
0.489675
0.906844
0.372034
0.387787
0.391548
0.501435
1.023652
0.553822
0.454237
-0.094120
0.577037
0.902633
0.695401
1.101794
0.336835
0.791424
1.094639
1.036583
0.313165
0.101551
0.808064
0.530784
0.498893
1.161313
0.474402
0.311545
0.608918
0.586903
0.549672
0.305808
0.849549
0.396377
0.289202
0.664847
-0.075841
0.732635
0.464877
0.583687
1.058166
0.617455
0.703232
0.875535
1.069068
0.702146
0.271635
0.797500
1.102355
0.995907
0.317627
0.923812
0.333991
0.969869
0.505136
0.948874
1.036357
0.694398
0.593103
1.125195
0.539389
0.846898
0.158339
1.228328
0.197199
0.669053
1.023438
0.608723
0.022027
1.367316
0.293341
0.270382
0.908361
0.974105
0.215921
0.448783
0.201963
0.372652
0.609654
0.999906
0.467217
0.989619
0.819947
0.630321
1.202623
0.022729
0.791846
0.922864
1.182421
0.649075
0.075759
0.587186
0.223147
1.024269
0.660626
-0.569335
0.887484
0.596562
0.533647
0.443706
0.190305
1.003963
0.417632
0.855622
0.668311
1.173171
-0.216795
1.374775
0.730397
0.331863
0.726800
1.221510
0.242063
0.272972
0.898761
1.069413
0.657935
0.033766
0.429609
0.434452
0.907253
0.755735
0.194220
0.002060
1.087180
0.872296
1.244038
0.998809
0.646229
0.133713
0.621501
0.948856
0.797177
0.523787
1.064585
0.297601
0.854004
0.825959
0.937434
0.723597
0.433511
0.055331
0.403073
0.768469
1.465637
1.057817
0.336652
0.298799
0.824177
0.762107
0.766599
1.065802
0.797235
0.613772
1.172731
0.673339
0.845501
0.440753
0.899798
0.426079
0.630960
0.665722
0.491500
0.997819
1.176052
0.442996
0.917195
0.367600
-0.347421
0.866072
0.434856
0.321203
-0.158044
0.742640
1.395823
0.955857
0.377898
0.582277
0.527617
0.260560
0.737743
0.754151
0.615634
1.179561
0.552144
0.881637
1.069115
0.950219
0.681167
0.812473
1.096294
0.889479
0.778080
1.069838
0.604566
0.523522
0.856221
0.686412
0.606995
0.166605
0.646062
1.136146
1.173070
0.435258
0.848406
0.970408
0.050209
0.703530
0.944612
0.774553
0.552037
1.377139
0.847261
0.486051
0.916373
0.263322
0.231680
0.853986
0.434285
0.740687
0.950342
0.386435
0.749323
0.493394
0.273099
0.651444
0.756052
0.499785
0.923239
0.601617
0.814237
0.405745
0.895471
0.083652
0.521569
0.222254
1.051798
0.499711
1.196477
0.075544
0.255543
0.298342
0.681879
0.427946
0.364057
0.753207
0.594437
0.290916
0.693636
0.988425
0.818483
0.674963
0.629682
1.420537
0.645899
0.276970
0.833585
0.745644
0.417100
0.232765
0.099749
0.723858
-0.001847
0.862128
0.562256
0.536087
1.342260
0.314174
0.277479
0.531263
0.474712
0.805704
0.481684
0.618598
0.949434
0.937943
0.932541
0.630551
0.839965
0.918285
0.708044
1.235764
0.702605
0.473286
0.512678
0.052881
0.984880
0.580832
1.036988
1.702672
0.494223
0.636164
0.451714
0.870781
0.663868
0.083777
0.105919
0.300359
1.063240
0.117304
0.993866
1.080605
0.243287
0.395549
0.561130
0.690213
1.204125
0.071455
1.094180
1.166116
0.716468
0.830600
0.652418
0.809972
1.000598
1.189813
0.999200
0.411622
1.308120
0.095922
1.066123
0.282204
0.658164
1.201201
-0.055695
0.859618
0.637545
0.458462
0.793914
0.626148
0.754826
0.143142
0.598451
0.394483
0.371914
0.928575
0.225405
0.100551
0.520241
-0.050623
0.731771
1.568859
0.683697
0.460300
0.800089
0.253181
0.549162
0.406309
0.134413
1.089013
0.529524
0.322392
0.386888
1.168768
1.069610
0.713006
0.085607
-0.213564
0.429395
1.031034
0.746561
0.469110
0.451397
1.612705
0.337991
1.083277
0.406852
0.855177
0.336657
0.897270
0.490872
0.395799
0.223544
0.445230
0.168525
0.855434
0.656964
0.400667
0.331448
0.421819
1.167864
0.114004
0.266166
0.960084
0.339757
0.835360
0.358999
0.188722
0.247133
0.513345
0.206078
0.735229
1.049623
0.731987
0.515350
0.110691
1.041897
0.933171
1.262684
0.646710
1.425098
0.865129
0.241937
0.560358
0.369203
0.867066
0.991472
0.177749
0.874774
0.726785
0.770927
0.702050
0.538098
0.277660
0.498072
0.491520
0.845328
0.881466
0.591379
0.977172
0.933744
0.855580
0.372753
0.956999
0.304527
1.122957
0.685883
0.071059
0.598185
0.714429
0.710666
0.352846
0.122930
0.523456
0.434784
0.626587
0.601209
0.475180
0.457654
1.148738
0.778856
0.746366
0.178599
0.302838
0.850229
0.981314
0.649202
1.004287
0.853845
0.552517
0.598128
1.107476
0.648561
0.934178
1.170052
0.121637
0.732711
1.328616
0.598547
-0.140651
1.060088
0.248905
0.338986
0.824291
0.494813
-0.355495
1.315188
1.129245
0.780376
0.559546
0.354271
0.850697
0.972143
0.437571
0.834134
0.542390
1.092099
0.477682
0.236799
0.785974
1.389765
0.695689
1.472014
0.176718
-0.282041
1.061602
0.973413
0.798058
0.605738
0.172004
1.273448
0.586765
0.842581
0.849421
1.036726
0.312049
-0.835690
0.995390
0.348889
0.915879
0.873473
1.158250
0.653534
-0.259298
0.428008
0.782968
0.817500
-0.093927
0.500355
0.771317
0.196686
0.661777
0.410339
0.238845
0.596010
0.723273
0.613206
0.776431
0.678323
1.506348
1.176820
1.004506
0.043641
0.734580
0.406441
1.459077
0.368962
0.382229
1.192854
0.851710
0.316445
0.816422
0.938275
0.311376
0.620403
-0.173093
1.482884
0.174182
0.086288
0.971567
0.489634
0.451464
0.701934
0.140543
0.662472
0.855605
0.666530
0.837356
1.144675
0.794028
-0.138354
0.966789
0.507008
0.333625
0.345335
0.603501
0.533399
1.186384
0.906576
1.023567
0.157540
1.074371
0.499138
0.510416
0.440582
0.204595
1.123857
1.357080
0.636684
0.099344
0.408985
-0.277138
1.006690
0.147246
1.173879
0.119216
0.597637
0.104779
0.868074
0.480968
0.700461
1.252834
0.468134
0.565409
0.778716
0.569413
0.701258
0.136415
0.600978
0.434842
1.180860
0.729957
0.506385
0.068071
0.512177
0.609873
0.488715
1.073766
1.119580
-0.059282
0.668488
0.006189
0.883043
0.637928
0.779575
1.002488
0.910881
0.652236
1.280759
0.148475
0.851710
0.635913
0.422430
1.128651
0.471382
1.169519
0.056571
0.791499
0.482984
0.043171
0.384539
0.319138
0.697814
1.154318
0.813973
0.631888
1.358571
0.654996
0.642914
0.224585
1.171897
0.577514
1.156167
0.727983
0.667499
1.016981
0.469672
0.516510
0.750644
0.372411
0.405808
1.054467
0.076865
0.759467
0.923219
1.160729
0.569934
0.244108
0.442389
0.882183
0.844843
0.752622
0.937805
0.572795
0.206608
0.653547
0.622295
1.096821
0.892571
0.483322
0.218822
1.018633
1.364546
0.811047
0.505868
0.622397
0.556906
0.277622
0.864392
0.674550
0.586552
0.789555
0.843199
0.090410
1.183760
0.764796
0.771315
0.473949
0.171983
0.406008
1.360575
0.418230
0.905134
0.942087
0.496933
1.022573
-0.402968
0.568885
0.054999
1.243827
0.516307
0.871377
0.437733
0.929810
0.923649
1.135105
0.083898
0.695582
0.826061
0.933627
1.432893
0.660508
1.373639
0.144489
0.716209
0.471205
0.404313
0.374365
0.697575
0.659254
0.732445
1.005477
0.109501
-0.029319
1.047386
1.321285
0.566828
0.531259
0.234672
0.729089
0.461368
-0.002375
0.704831
0.720538
0.652459
0.731044
0.767725
0.629509
0.576408
0.600583
0.319318
0.337944
0.266648
0.976097
0.464293
0.623380
1.093356
0.683405
0.468571
0.489270
0.256423
0.793348
0.945691
0.934346
0.514669
0.946792
0.781865
0.896859
0.921980
0.185434
0.957891
0.472739
1.039983
0.523522
0.363645
1.095863
0.806382
0.605738
0.805637
0.874669
1.382912
1.261445
1.111601
0.599037
1.097980
0.389391
0.244400
0.853812
1.088051
0.106132
0.389391
1.049090
0.389238
1.074245
0.805191
0.776072
0.739719
1.191313
0.567449
0.738922
0.447917
0.448681
0.842978
0.539415
1.129011
0.027984
0.270953
0.711438
1.656620
-0.455779
0.655888
0.596989
0.218768
-0.345620
0.861187
0.804814
0.503432
1.164813
0.348605
1.099632
0.978927
0.635190
0.825293
0.803442
0.550952
0.617272
0.944664
1.382251
0.041864
1.661364
1.197348
0.363867
0.233806
0.131436
0.829846
1.434010
1.309245
0.378622
0.411205
0.638631
0.735661
0.274603
0.253157
1.376451
0.852877
0.952334
0.844386
1.095966
1.076521
0.448827
1.340714
0.747059
0.356854
1.061219
0.156776
0.433176
1.593224
0.150271
-0.062941
0.753120
0.162186
0.429959
0.680271
0.552503
0.888224
0.385874
0.382476
0.785539
1.274788
1.322124
0.375662
1.272426
0.956848
0.695198
0.540414
0.584482
0.663064
1.134070
1.718796
1.420494
0.612844
0.994509
0.972071
0.822035
0.336457
0.162584
0.652069
0.738574
0.381223
0.167316
0.682781
0.083851
0.702443
1.101777
0.684097
0.802022
0.679101
0.293045
1.216149
0.523894
0.450764
0.436437
1.148074
0.369862
0.429253
0.341683
1.303657
0.772314
1.074037
0.720625
0.984920
0.871392
0.950839
0.670266
0.776290
1.113542
0.481395
0.591842
0.791310
0.709492
1.048583
0.932930
0.230373
0.575153
0.350607
0.736381
0.618966
0.848608
1.089836
0.899167
0.651412
0.536506
0.812511
0.902067
0.175780
0.303383
0.678400
0.602611
0.644814
0.918011
0.467143
0.832208
0.502325
-0.028728
-0.041888
-0.005266
0.715660
0.450333
0.813191
0.734358
0.939743
1.031011
0.915784
0.460199
0.886904
1.282392
1.162893
0.139048
0.500696
0.723246
0.736979
0.977424
1.470843
0.345413
0.888951
1.242360
0.932971
0.682155
0.539965
0.750341
1.059810
0.268195
0.890015
1.024899
0.874372
0.477403
0.933171
0.638998
0.243804
1.176451
0.365150
0.136292
0.588214
0.460159
0.718199
0.669456
0.320752
0.928077
0.598185
0.711759
1.509601
0.515111
0.813539
0.676021
0.472560
0.669480
1.447724
0.939561
0.800966
0.785754
0.281790
0.365211
0.714318
0.892093
0.675432
0.664413
0.807931
0.641329
0.563615
0.672650
0.600891
0.840108
0.839003
0.305235
1.377167
0.964857
0.272092
0.847539
0.838526
0.557366
1.284927
0.096042
1.314741
0.695338
1.156153
0.854991
0.760196
0.212522
0.474665
-0.123691
0.628007
0.828902
0.836820
0.713499
0.684215
0.419946
-0.035417
0.945656
-0.092470
1.149226
0.638348
0.619426
1.133929
0.791537
1.213260
1.188129
0.262204
0.667574
-0.044250
0.571326
1.188567
0.326763
0.063757
0.258106
0.430710
0.745088
0.108019
-0.090191
1.175188
0.392161
1.052784
0.196564
0.556020
0.803376
0.403749
0.426948
-0.085907
0.501803
0.585620
0.722628
1.536002
0.598712
0.777160
0.236301
0.616244
0.286664
1.064388
0.797380
0.494679
0.423543
1.292422
1.145234
0.542864
0.585678
0.720180
0.945246
0.599521
0.354968
1.040062
-0.091502
0.535664
0.479918
1.143352
0.617386
0.314022
0.217295
0.613968
0.357840
0.837738
0.322716
0.530756
0.490891
1.109792
0.583095
0.540520
1.013934
0.718701
0.465918
-0.259258
1.246899
0.836264
0.966247
1.546184
0.521689
0.313576
0.191918
0.452231
0.450112
0.674408
0.972864
0.336493
1.316748
0.324640
1.188251
1.131306
0.826427
-0.055804
0.681756
0.825353
0.320844
0.761869
0.385019
0.878306
1.095709
0.375873
1.054485
1.106974
0.722712
0.666338
0.842304
0.906248
0.499968
0.530978
0.857536
0.786509
0.543126
0.439586
0.558815
0.247037
0.412241
0.487056
0.437390
0.891413
0.142229
1.040242
0.895641
1.109205
0.585845
0.093513
-0.036386
-0.292127
1.583609
0.334319
0.029628
0.783063
0.155138
0.075761
1.180974
1.438291
0.887377
0.878605
0.691484
-0.139471
0.225979
0.823094
1.182896
1.197347
0.335010
1.126151
0.413503
1.054316
0.613668
0.214574
1.730381
0.950876
0.505211
0.800611
1.564689
0.186593
0.627411
0.362571
0.445392
-0.266145
0.552173
0.621239
1.134695
0.201843
1.204250
1.173261
0.758208
0.267711
0.874140
0.659227
0.995971
0.594856
0.448548
0.730390
0.976620
0.601147
1.213310
0.312131
0.783038
0.176698
0.574871
0.892045
1.031351
0.657113
0.869962
1.018759
0.348582
0.397699
0.220881
0.414149
-0.013359
0.735185
0.931706
0.960059
0.005359
0.909645
0.483268
0.488087
0.881532
0.778781
0.856697
1.109844
0.287120
0.989486
0.692464
0.992676
0.561698
0.315053
0.883860
1.115217
1.224862
0.503530
0.286443
0.601974
0.656320
0.561722
-0.042148
0.446998
1.105870
0.557581
0.690333
0.049300
0.573404
0.422533
0.444541
0.852311
1.117852
0.620170
1.084972
0.321018
0.177337
0.611991
0.810226
0.614850
0.408582
0.225614
1.055456
0.605413
1.038349
1.011536
0.595847
0.794651
0.347501
1.118889
0.564125
1.180761
-0.106915
0.600166
0.684312
0.546031
0.348256
1.380461
0.025657
0.959074
0.304541
1.161578
0.543767
0.686334
0.560552
0.625137
0.425693
1.050667
0.716242
0.903548
1.449823
1.469107
0.574788
0.403578
0.727757
0.020465
0.419897
0.910104
0.347969
0.660402
0.251854
0.471455
0.969581
1.025819
0.733661
0.627660
0.031935
0.931854
1.117251
0.374841
0.792198
1.108700
0.406753
0.053257
0.766391
0.005000
0.794040
0.774370
0.180024
0.625910
0.536895
0.364913
0.395516
0.695126
0.082292
-0.086197
0.562012
0.556401
-0.070358
0.018582
0.428912
0.965763
0.201015
0.653716
0.632835
0.708221
0.715427
0.757007
0.317496
0.716417
1.059318
0.756727
0.262399
0.447875
1.043941
0.994749
0.717450
0.638147
0.980377
0.370850
0.521689
0.773231
0.761841
0.802481
0.366062
0.093978
0.670471
-0.085221
0.957483
0.760903
0.114675
0.673328
0.718624
0.997445
0.204656
0.462776
0.617595
1.076200
0.303459
0.590755
0.652556
0.614499
0.869075
1.129920
0.875302
0.557327
1.046447
0.123253
0.346401
0.775560
0.215732
0.138718
0.877195
1.435963
1.001851
-0.050984
1.086327
1.042122
0.097796
-0.117631
0.518099
0.832224
1.111994
0.667608
-0.084654
0.799351
1.001064
-0.159103
0.570831
0.069192
-0.036820
0.317499
0.370246
0.208423
0.913480
0.192219
1.030551
0.490441
0.795548
1.042571
0.603279
1.460416
0.877412
0.645107
0.385729
0.612801
0.694232
0.592498
0.558858
0.474019
0.357359
0.808183
0.786509
-0.428675
0.309716
0.868810
0.713736
0.653445
0.419933
0.191632
0.858825
0.559785
0.116322
1.441375
0.151234
0.871362
0.834293
0.323720
0.559708
0.803070
1.038923
0.191689
0.910981
0.578419
0.339596
0.592983
0.847301
-0.025301
1.016981
0.377027
1.096627
1.413947
0.825267
0.609227
1.053131
0.854898
1.255954
0.479757
0.715482
1.191087
0.476324
1.051203
0.259229
0.740110
0.880119
0.791324
0.500562
1.076366
0.161906
0.455350
0.766088
0.317684
0.486958
0.095007
0.017962
0.628152
0.752220
0.443128
0.678991
0.113462
1.210947
0.976097
0.519489
1.208216
0.772619
0.283202
0.886291
0.619612
0.248477
0.760735
0.599897
0.522885
0.358976
0.151808
1.235447
0.739461
0.216713
0.331028
0.776342
0.954513
0.929944
0.343382
0.767143
1.076568
0.909102
0.677177
0.822497
0.882231
1.175106
1.011343
0.977126
0.994997
0.497206
0.948211
0.431600
0.641233
0.813297
0.630675
0.478833
1.614681
0.679311
0.379387
0.340191
0.674408
0.539461
0.218814
0.570698
0.860751
0.702052
0.459866
0.324385
0.800121
1.384436
1.084446
0.723380
1.045450
1.142110
0.643416
1.517684
1.106615
0.523319
1.184682
1.219905
1.299771
0.319504
0.583904
0.484038
0.660374
1.272018
1.255007
0.977179
0.692534
0.477744
0.785824
1.076836
-0.064378
1.185282
0.326569
1.089293
1.456552
1.195457
1.011106
0.737468
1.310447
0.937996
0.981454
0.867763
0.277924
0.811829
0.279450
0.495037
0.700571
0.572013
0.943241
0.395929
1.044921
0.398932
0.305156
0.803902
0.711356
0.547859
0.896997
0.133586
0.294022
0.978544
0.670084
0.875860
0.336457
0.589063
0.543930
-0.138761
1.050490
1.080210
0.513773
0.465420
0.693089
0.673547
0.506427
0.500758
0.610329
0.742985
0.369182
0.983367
0.849707
0.739103
0.589390
0.982223
0.735631
0.494741
0.015559
0.393176
1.290043
1.069843
0.491213
0.824973
0.412826
1.006333
0.966745
0.581012
0.735603
0.265883
0.846153
0.427392
1.047471
0.088438
0.031610
0.685670
0.500361
0.225614
0.771923
1.011343
0.371269
0.559244
0.360003
0.876876
0.928791
0.564191
0.805625
0.555292
1.174451
0.966223
1.065545
0.703460
1.257826
0.948047
1.111736
0.612101
-0.244760
0.485441
0.632544
0.457823
0.473114
0.749780
0.258494
0.375793
0.655893
0.896818
0.510115
0.028813
0.562861
0.251208
1.601269
0.945465
0.503251
1.324834
0.635689
1.000544
1.067254
1.626510
0.395550
0.034169
0.547261
0.604071
0.916630
0.499287
0.830783
0.905111
0.282310
0.859547
0.423628
0.737539
0.661777
0.540501
0.699672
1.090711
0.876799
0.858240
0.197415
1.025503
0.457833
0.849890
-0.028777
0.185850
-0.591891
0.645379
0.625450
0.591204
0.785572
1.242967
0.827177
1.239323
0.935167
1.319157
0.400429
0.290804
0.412210
0.632697
0.485316
0.683036
0.975670
0.763448
0.279187
0.410501
0.284176
0.421747
1.088502
1.344047
0.944140
0.127160
0.863761
0.754114
-0.268071
0.558558
0.075250
0.251971
0.910376
0.835619
1.454768
0.456953
0.244966
0.794314
0.595883
0.296753
0.495111
0.723187
0.575003
-0.159740
0.272025
0.515425
0.823789
0.418526
0.218021
0.712491
0.862574
0.856365
0.444179
1.367795
0.880875
1.036988
0.963095
-0.138315
0.987313
0.961461
0.504537
-0.169660
0.560366
1.149998
1.015006
0.713273
0.757401
0.760478
0.552579
0.787574
0.682612
0.619252
1.163866
0.690213
0.819074
1.093596
0.109424
0.974865
0.440091
0.388323
0.282916
1.402598
1.057977
0.840484
0.832274
0.145691
0.854348
0.195764
0.787685
0.774906
0.969295
0.431887
0.249749
0.744986
0.434308
0.448730
0.050099
0.575153
0.490115
0.209408
1.106082
0.237267
0.542636
0.986856
0.907390
0.901120
-0.057277
0.984925
0.362658
0.664296
1.180832
0.706611
0.734154
0.574884
0.641407
0.903513
0.412860
-0.070581
0.870048
-0.077601
0.485547
0.678238
0.857884
0.962040
1.062441
0.164512
1.151122
0.822301
1.133063
0.451738
0.895685
1.299036
0.767365
0.518094
0.124193
1.373730
0.978899
-0.108155
1.101785
0.509222
0.514867
0.882837
0.539919
0.821909
1.242386
0.608981
0.434192
1.275983
1.280281
0.613289
0.785727
0.162549
0.955591
0.199395
0.317275
1.213749
0.541270
0.903211
0.813143
0.101499
0.538294
0.695642
0.812431
0.794888
0.316085
0.905000
1.368345
0.370850
1.148055
1.102439
0.877336
0.965082
0.103809
0.537353
0.373543
0.619155
1.111566
-0.000661
0.436006
0.721117
1.142159
0.445479
0.253145
0.120104
0.208714
0.370795
0.460250
1.252283
1.114812
0.365732
0.911134
0.728488
1.340686
0.784266
0.488912
0.763735
0.733853
0.695509
0.284159
0.073640
1.181327
0.525455
0.442627
0.617138
0.891697
0.702341
1.040834
0.661380
0.553202
0.647230
1.415567
0.096211
0.125303
0.867356
0.919287
0.509729
0.630960
0.332847
-0.130621
0.514976
0.648259
0.599268
1.098267
0.562471
0.944985
0.806107
1.126956
0.493473
0.859622
1.249225
0.665999
0.700500
0.908060
1.653099
-0.018965
0.663101
1.159805
1.042707
1.005043
0.766978
0.751572
0.774647
1.026331
0.778079
0.253582
0.999273
0.230729
0.324374
0.809614
0.895806
0.915836
0.772425
0.192195
0.646322
0.943156
0.532051
0.360970
0.730390
0.683026
0.803354
1.073214
0.383898
0.407792
0.309802
0.880192
0.639142
0.735418
0.832826
0.776016
0.528626
0.764586
0.431559
0.831733
1.029518
0.227198
0.848918
0.944297
0.645940
0.507912
0.688021
0.639262
0.353464
0.901864
0.841866
0.480844
0.755828
1.005249
0.835468
0.610067
1.504437
1.180315
0.523637
0.696338
0.205753
0.786544
0.612259
1.124414
1.119523
0.721839
0.635851
-0.093272
0.626211
0.520769
0.554515
0.683506
0.463708
0.771876
0.909506
0.684617
0.669402
1.087315
0.735409
-0.063847
0.047185
-0.228202
0.824012
0.778950
0.509999
0.694568
0.427029
0.461817
1.201786
1.201728
0.915173
0.840838
0.559302
-0.066116
0.365513
1.362444
0.514218
0.515322
0.938119
0.728925
0.746168
0.226813
0.600361
0.950216
0.793625
1.440343
0.232012
0.537546
0.489858
0.523891
0.717476
0.699154
0.749487
1.672139
1.188490
0.794596
0.835926
0.594438
-0.238933
0.414597
0.778764
0.910143
0.699443
1.201751
0.680472
0.152528
0.487688
0.879643
0.332388
0.559302
0.572628
1.129630
0.942692
0.843859
0.455044
0.996461
0.783751
0.574362
0.958494
0.355615
1.007158
1.010798
0.506690
1.017898
0.018974
0.299754
0.944059
1.073349
0.654173
0.323996
0.686953
0.882746
1.059055
0.434709
0.854188
0.762759
0.399412
0.746353
0.479499
0.458298
0.229852
0.899710
1.091802
1.098456
0.461985
0.590371
1.155583
0.561431
0.117250
0.653927
1.197740
1.384123
0.332411
1.194349
1.155635
0.615372
1.027506
0.630650
1.042783
0.987052
1.091979
0.515574
0.652133
-0.087202
0.785443
0.760988
0.720388
0.478556
-0.085372
0.445788
0.726963
0.445630
-0.402057
0.602073
0.771834
0.626972
0.391363
0.856285
-0.141207
0.993647
0.493683
1.417147
0.910082
0.595991
0.545012
0.497929
0.452488
0.672567
-0.235653
0.684698
0.259155
1.052140
0.490552
0.556933
0.634829
0.815659
1.307284
0.655823
0.826741
0.875195
0.441483
1.021977
0.324842
0.573878
0.922738
1.265534
1.477582
1.386794
0.676632
0.604137
1.020122
0.799296
0.258807
0.818353
0.612868
0.486166
0.723529
1.252049
0.762097
0.606977
0.829518
0.069031
0.578672
0.607014
1.162753
0.572691
0.275049
0.915795
0.167038
0.311122
0.174649
0.577928
0.763715
0.769197
0.549913
0.747767
1.113222
1.346427
1.453286
0.960602
0.941468
0.365519
0.971790
0.265713
-0.016891
0.275267
0.347485
0.425108
0.778218
0.599312
0.439448
0.969591
0.308565
0.951472
0.279766
1.323911
0.551858
0.850605
0.247973
0.067524
0.377464
1.298367
1.046412
0.580237
0.223954
0.591327
1.136958
1.286320
0.471241
0.509904
0.529015
1.141754
0.294758
0.223655
0.546619
1.290499
0.440314
0.451926
0.580001
0.649171
0.543128
0.931360
0.463351
0.594420
1.130197
1.081177
0.975816
0.146234
0.718586
0.884525
1.335899
0.660011
0.552264
0.589330
0.286788
0.626880
0.678429
0.709602
0.880829
1.038588
0.878574
0.791658
-0.156996
0.287865
0.986460
0.403396
0.751272
1.096949
0.905426
0.415885
0.948713
0.890538
0.421437
1.357625
0.194208
0.454974
0.877559
0.271094
-0.048504
0.495444
0.423696
1.589652
0.696822
1.046883
0.775851
0.134382
1.153732
0.708808
0.047183
0.544700
0.497851
0.725300
0.764904
0.673339
1.401345
0.541133
0.354437
0.763380
-0.010339
0.749077
0.641890
0.927414
0.918979
0.049042
1.134070
0.225180
0.328672
1.242612
0.474133
1.022634
0.088008
0.987979
0.425966
0.693984
0.405850
0.824597
1.174740
1.208731
0.430277
1.290783
1.036143
0.342093
0.959302
0.152433
0.126434
0.052000
0.493631
0.785420
0.792096
0.969300
0.444310
1.377544
0.824106
1.078122
0.272745
0.828843
0.503218
0.354872
1.296383
0.314252
0.455723
0.516485
1.016224
0.772861
1.294038
0.465533
0.481627
0.855580
0.294906
0.919043
0.855069
0.436355
-0.109401
0.724069
0.682088
0.604086
0.205911
0.848759
0.459762
0.783038
0.860669
0.823940
0.869313
0.728978
0.658178
0.486838
1.009840
1.213597
1.019742
0.890095
0.678779
0.536659
0.409043
0.850292
0.415405
0.951264
0.662459
0.497545
0.044539
0.574209
0.305822
1.093212
0.309987
0.418054
0.986439
0.921312
0.672111
0.070901
0.306537
0.092541
0.871746
0.783099
0.940810
0.928946
0.511138
0.546737
1.302011
0.648947
0.287633
1.186812
0.771197
0.203172
0.970665
0.595656
-0.231298
0.620521
0.852655
0.751801
0.706629
1.515244
0.674081
0.728569
0.884577
0.716950
1.155012
0.592401
-0.018496
0.006279
0.495518
0.616677
0.841110
1.120264
0.649114
0.482619
0.362170
1.324600
1.109118
0.596692
0.604217
1.098058
1.414409
1.455842
0.883746
1.004015
0.870519
0.364302
1.115087
0.827152
1.055144
0.555657
0.787620
0.859974
0.552399
0.946955
1.068866
0.452956
-0.079967
0.830169
0.840629
0.854644
0.231517
1.079208
0.620962
0.903254
0.566111
1.077522
1.003421
0.740259
0.845013
0.785290
-0.010604
1.618761
0.550822
0.913717
0.560161
0.855347
0.935012
0.898011
0.653834
0.929708
0.781625
0.988844
0.739074
0.370094
0.300359
0.375292
0.867494
1.111719
0.860721
0.291642
0.911489
1.045597
1.515976
1.200891
0.741817
0.071551
0.923616
0.827166
0.595204
1.063019
0.344342
0.382045
-0.016811
0.485932
0.911140
0.323189
0.582068
0.467410
0.473462
1.260262
0.493295
1.050244
0.012693
1.055236
0.643010
0.832380
1.007112
0.850599
0.644679
0.314270
0.593585
0.561837
0.767718
0.803574
0.725923
0.153148
0.414962
0.480457
1.048003
0.345563
0.765087
0.671262
0.869873
0.159214
0.469601
1.471222
0.196113
1.133250
0.478631
1.098415
1.108097
0.336598
-0.052856
0.305808
0.952319
0.159906
1.322965
1.169714
0.438828
0.171456
0.654005
0.375947
0.772047
-0.167030
0.489021
0.625075
0.667038
0.997174
0.871303
0.291326
0.961292
0.611584
0.562428
0.516747
0.967262
0.484485
0.531807
0.386626
0.953331
1.168003
0.410408
0.900636
0.399969
1.009762
0.516344
0.823368
0.575117
0.478315
1.011364
1.469107
0.832150
1.028486
0.791732
1.331379
0.231703
0.339396
0.383933
0.131003
-0.186106
0.539689
0.612326
0.448050
0.875377
0.689905
1.033957
0.614702
0.828506
0.666865
0.442405
0.760725
0.873510
1.111238
0.678694
0.877852
0.668707
0.847016
0.908078
1.115217
1.595215
0.447515
0.252074
0.319714
0.950293
1.310956
0.151191
1.052873
0.550016
0.357566
1.134772
0.757992
0.677844
0.975592
1.209671
1.300235
1.274820
1.016029
0.363263
1.154408
0.356543
0.771658
0.692300
0.801404
0.899045
0.256602
0.404348
0.352910
0.478717
0.781390
0.576685
0.717528
0.744186
-0.030280
0.846560
-0.132625
0.973167
0.768971
0.590246
0.367026
0.450468
0.336345
0.054507
0.748986
0.457781
0.662768
1.150604
0.800781
0.088017
0.854217
0.830298
0.367598
0.325762
0.987146
1.190621
1.233065
0.693844
1.593976
0.502892
0.437096
0.785572
0.515049
0.644066
0.941392
0.827770
0.605767
0.379966
0.496553
0.591867
1.127180
0.309017
0.698178
-0.292127
0.719135
0.562262
0.590824
-0.332786
1.196705
0.836956
0.815075
0.969016
0.607809
0.591074
0.356177
1.919059
0.822935
0.435619
0.519412
0.943912
1.174487
1.539995
1.197740
0.594836
1.126688
0.621476
0.849208
1.235796
0.520612
0.814116
0.525533
0.639043
0.911453
1.223034
0.721900
0.984347
0.530978
0.582432
0.796184
1.023125
-0.077445
0.665684
0.597326
0.432711
0.633314
0.683090
0.528009
0.587582
0.706209
0.538473
1.075183
0.880970
0.731044
0.798750
0.262857
1.112534
0.198772
0.185439
0.797224
0.888945
-0.026484
0.968287
1.006217
0.407950
0.571817
0.642422
0.651535
0.371757
1.071292
0.141617
0.242591
1.170192
1.178244
0.282753
0.703244
0.890283
0.355537
1.073337
0.786015
0.856034
0.878010
1.134568
0.737111
-0.023567
0.690200
0.711192
0.590650
0.745225
0.220449
0.510468
0.988897
1.722591
0.880278
0.016954
0.943254
1.615507
0.830783
0.739258
1.237946
0.801498
0.665349
1.111861
0.968385
1.125930
0.682499
0.769686
0.564226
0.959114
0.780551
0.540560
0.757007
0.760783
0.222718
0.870594
0.980127
0.859575
0.691484
0.705295
0.977368
0.356624
1.074512
0.711090
0.527456
0.422986
1.294649
0.758663
1.538260
0.391085
0.627198
0.482618
1.207634
1.058247
0.750136
0.754206
0.388795
0.949076
1.042552
0.726521
0.403787
0.663700
0.889489
1.096843
0.742704
0.958298
0.124819
0.863928
0.727535
0.562290
1.038371
0.586117
0.870689
0.495490
1.192937
0.850994
-0.101084
1.363878
0.417280
0.819528
0.523060
1.045946
0.065882
0.277860
0.754668
0.709810
0.557104
0.540036
0.936941
1.341464
0.603486
0.953108
0.277414
0.297905
0.983082
0.424644
0.580012
1.057234
0.864988
0.902928
-0.153015
0.224817
0.106391
0.897404
0.187001
1.097736
0.061821
0.918876
1.330115
0.394591
0.468312
1.129630
1.286651
-0.438602
1.293607
0.933070
1.161829
0.285505
0.615995
0.831411
0.419334
0.765869
0.702468
0.787214
0.751455
0.718729
0.499890
0.118250
0.972026
0.618822
0.381177
0.302327
0.539656
-0.072374
0.622136
0.324494
1.044372
-0.488742
0.435376
0.686865
0.893400
0.382651
0.368255
0.681525
1.642678
0.835446
0.885977
1.054248
0.388028
1.165851
0.420901
0.614094
0.876314
0.582592
0.854015
0.770453
0.424087
0.442061
0.495596
0.197779
0.235683
0.641259
0.891194
0.863659
0.226592
0.612938
0.302370
0.519704
0.866663
0.229650
0.774229
-0.173178
0.552493
0.482244
1.019426
1.225597
0.151760
0.505281
0.882966
1.058887
0.620230
0.884705
0.127152
0.915281
0.435626
0.696870
0.940383
0.786179
0.451337
0.817083
0.733226
0.559598
1.085869
1.142580
0.633562
0.264092
0.981081
0.725371
0.705974
0.516812
0.930946
0.886193
0.750868
0.271065
1.113069
0.577619
0.989747
0.816207
0.524525
0.800564
0.764226
0.282988
0.853328
0.570691
0.797253
1.170678
0.623935
1.085182
0.360076
0.993052
0.601056
0.504641
0.246312
0.675894
0.278031
0.865251
0.692530
0.121328
0.654451
0.306424
0.945465
0.946612
0.311781
0.977991
0.660746
0.778856
0.585521
1.302630
1.004513
0.899052
0.752450
0.310005
0.623938
1.194620
0.503856
0.552189
1.125511
1.098809
0.195027
0.393399
0.872883
0.304593
1.189224
0.555945
0.905069
0.101928
0.516249
0.328761
0.990680
1.201203
0.911795
0.246547
0.501464
0.921826
1.256299
0.498743
0.781806
1.218161
0.520438
0.681184
0.746366
0.719328
0.573499
1.407064
0.882300
0.601020
0.358424
0.096175
0.629932
0.570087
0.442077
0.963590
1.343223
0.584611
0.220897
1.186916
0.846153
0.933730
0.496815
0.489890
0.854944
0.845124
1.070574
1.619225
0.726590
0.483230
0.474007
0.835696
0.809388
0.669766
0.581994
0.125098
1.187220
0.498835
0.761884
0.052644
0.365881
0.961089
-0.242333
0.955565
0.253120
0.451187
0.141225
0.535079
1.122831
0.300783
0.597065
0.731751
0.877716
1.077643
0.707596
0.139776
0.099622
0.477578
0.594791
0.244010
0.677179
0.756504
-0.007390
0.037052
-0.282802
0.440631
-0.025000
0.320917
0.868086
0.430513
0.427534
0.913256
0.604457
0.704624
0.743252
0.690117
1.033975
0.985826
0.850766
0.221522
0.662671
0.943366
0.789347
0.765875
0.431622
1.307095
0.919483
0.534295
0.999308
0.125766
0.783653
0.450801
0.612672
0.886502
0.404686
0.858341
0.422227
1.301313
0.335172
0.873455
1.184055
0.447142
0.686570
0.782387
0.320319
0.569613
0.640281
0.870736
0.360089
0.387055
0.482081
0.784204
0.656578
0.450279
0.628431
0.623975
0.590536
0.112148
0.945246
0.132373
1.051710
0.615994
0.606657
0.430759
0.506331
0.744855
1.319253
1.245387
0.868953
-0.098555
0.919580
0.886851
0.554944
1.231063
1.460000
0.732635
0.733391
0.653804
1.206129
0.321319
0.925124
0.279921
0.412176
0.735481
1.346601
0.734828
0.877995
0.800640
0.920903
0.263598
0.606053
0.952269
0.726037
0.567274
0.165194
1.074909
0.139787
0.973683
0.681972
0.493223
0.652704
1.165285
0.823720
1.274563
0.378791
0.838189
0.849175
0.618173
-0.262501
0.494243
0.817483
0.784302
1.220666
1.152249
0.848967
1.306236
0.998707
0.989870
0.461158
1.115665
0.649597
0.552543
0.586016
0.468721
0.574142
0.993460
0.162584
0.669402
0.317916
0.893527
0.530952
0.535452
1.003199
0.092167
0.786348
0.839011
0.481435
1.180701
0.815104
0.514801
0.804434
1.025597
1.374395
0.950850
1.046690
0.819189
0.967427
0.136067
0.241587
0.812331
0.500545
0.556595
0.547483
0.287485
1.097637
0.766501
0.468122
0.762830
0.585420
0.642974
-0.150733
0.771204
-0.110613
0.475290
0.445392
0.488248
0.704489
0.793802
0.753740
0.471184
0.393929
0.175373
0.800580
0.354015
0.520143
0.400386
0.801607
0.434449
0.471184
0.557508
0.616087
0.842997
0.463123
0.387317
1.036583
0.912363
1.113069
0.359605
0.934598
-0.513320
0.228861
0.548528
0.563161
0.814128
0.556895
0.790550
1.169652
0.640886
0.889992
0.499890
1.064276
0.883226
1.246260
0.282987
0.795005
0.515110
1.098454
0.670862
0.008722
0.733107
0.751572
0.264812
0.772751
0.285496
0.054792
0.576300
1.193670
0.609809
0.807389
0.116697
0.617455
0.691649
0.921298
0.376209
0.556280
0.593703
0.649621
-0.075988
0.214050
0.752293
1.509410
1.353994
0.889992
0.314380
0.565508
0.818062
0.881502
-0.178428
0.489781
0.107695
0.656123
0.921320
0.365844
0.356029
-0.018718
0.659624
0.904683
0.590169
1.101779
0.534873
0.426699
0.742249
0.367824
0.154927
0.662245
0.484570
0.447895
0.499957
1.293743
0.504498
0.813506
0.580733
-0.072798
0.189688
0.189983
0.850501
0.176366
0.692954
0.910326
1.224866
0.359587
0.729760
1.786729
0.697456
0.438549
0.874963
0.532465
0.475946
0.293381
0.892646
0.371083
0.203330
1.200372
0.758877
0.539461
0.724835
0.347367
1.147704
1.423379
0.453240
0.857209
0.739339
0.843470
0.737746
0.117304
0.795908
0.371268
0.250355
1.119322
0.468276
0.394112
0.747630
0.319103
0.459203
0.707264
0.338771
1.694521
0.347807
0.530087
0.463199
0.729839
1.096141
0.307250
0.857930
0.872883
0.579346
1.265092
0.462589
0.826795
1.035074
1.003963
0.950780
1.084480
0.198644
0.712031
0.306300
0.798897
1.137986
0.124214
0.210685
-0.083524
0.580894
0.813777
0.739719
0.144206
0.646426
0.644194
0.808816
1.333000
0.858846
0.965067
0.124819
0.914388
1.023105
0.998588
0.669489
0.842304
0.116357
0.697934
0.529241
1.187002
0.824986
0.765489
0.465978
0.146120
0.230834
0.601825
0.446275
0.632324
0.953732
0.486064
0.044417
0.902067
0.862583
0.603612
1.004871
0.536638
1.090505
-0.254231
1.006476
0.293071
1.493187
0.626498
0.763586
1.684878
0.070271
0.917195
1.090610
0.520411
1.118107
0.367018
0.151293
0.857895
1.156864
0.383462
1.205110
0.303302
2.142649
0.657688
0.572416
0.973641
0.964340
0.227926
0.131667
0.929267
0.059935
0.998647
0.613556
0.328373
0.484842
0.031183
0.960425
0.300555
0.766486
0.976855
1.161313
0.176664
0.365959
0.530487
0.583095
0.912460
0.796015
0.813396
0.916456
0.464894
0.872745
-0.042751
0.438055
0.842581
0.960773
0.769890
0.907583
0.797227
0.862227
0.641421
1.815008
0.489679
1.124001
0.907904
0.755002
-0.791363
0.410023
0.897944
0.975031
0.698575
0.656007
0.994420
0.405110
0.647197
0.817376
0.872366
0.341754
0.899700
0.801404
0.736745
1.061697
0.882566
0.382281
0.318332
0.639335
0.697606
0.733197
0.994317
0.402142
0.793932
0.868422
0.434554
0.985278
0.531506
0.842978
0.713170
0.646176
0.253039
0.106657
0.457534
1.130961
0.549680
0.609755
0.052760
0.841712
0.613298
-0.188797
1.421502
0.314007
0.392266
1.063200
1.434174
0.720096
1.372875
1.208761
1.337914
0.693255
1.029257
0.824925
0.742629
-0.270607
0.786758
0.804608
0.666855
1.006690
0.675229
1.250861
1.128672
0.417955
0.768586
0.359711
0.772870
1.027879
1.136146
-0.179352
0.973020
0.871422
-0.183230
1.384182
0.937917
0.416385
0.663689
1.286691
-0.182700
0.170378
0.905453
0.199359
0.313852
0.438906
0.584215
-0.009459
0.591098
1.023788
0.486958
0.691119
0.634174
1.603253
1.219435
0.406212
1.080897
0.891143
1.024704
0.498084
0.456867
0.953225
0.108154
-0.012974
0.463747
0.355907
0.431622
0.744642
0.904950
1.372866
0.632324
0.317898
0.506545
0.437591
1.073834
0.422986
0.807322
0.587239
0.122178
0.686412
0.315027
1.005406
0.667935
0.783020
0.362053
1.120341
0.120670
0.983819
0.811164
0.385338
0.582438
0.952465
0.565959
0.317118
0.579850
0.276579
0.640803
0.834642
0.390721
0.040969
0.453521
1.124000
0.553983
0.425647
1.244329
0.660140
0.674811
0.858074
0.940644
0.662824
1.190459
0.233028
0.814583
0.598468
0.666354
1.064828
0.959718
1.108719
0.445815
1.167891
0.437992
0.250212
0.216676
0.499097
0.326850
0.881552
0.286593
0.842363
0.553391
0.443451
0.223653
0.565765
0.443831
0.603108
0.366525
0.006787
0.478948
1.153029
0.667318
0.806428
0.574279
0.977802
1.043684
0.868312
1.087509
1.120967
0.744614
1.319458
0.705284
0.354617
0.125695
0.604288
0.722716
0.811312
0.659121
-0.130008
1.194365
0.977639
0.134546
0.717244
0.344984
0.657370
-0.080486
0.128274
0.690162
0.173321
0.407260
0.237455
0.334277
1.220505
0.733265
0.466449
0.506942
0.963752
0.520612
0.829393
0.319152
0.699196
1.363412
1.001006
1.180491
1.032961
0.668005
0.780920
0.808183
1.008399
0.807787
1.046010
0.601399
0.724207
0.453479
0.615097
1.571549
0.786378
0.153982
1.052880
0.652248
0.937370
0.337734
0.416078
0.246677
0.373514
0.752155
0.718027
0.795125
0.205466
0.464877
0.856867
0.725602
1.265619
1.346691
1.099243
0.436138
1.074715
0.774462
1.137778
0.740961
0.772103
0.268545
0.263090
0.130957
0.154979
0.841694
0.655296
0.881197
0.801165
0.406075
0.353233
0.954266
0.255635
0.611351
-0.425083
1.351549
0.404303
0.852399
0.870328
0.534067
0.409799
1.621422
0.443238
0.230261
0.662055
0.146687
0.176398
-0.020587
0.732132
0.650211
0.723439
1.323332
0.749546
0.990729
0.357739
0.249895
0.926197
0.825326
0.433063
0.606948
0.349954
0.670798
0.297870
1.007148
0.825523
0.654938
0.879854
1.496273
1.058443
0.772338
0.484063
0.426480
0.698351
0.835794
0.581076
1.101777
0.483516
0.608700
0.813782
0.822153
0.654005
0.628955
0.642642
0.684386
1.113346
0.571347
0.856725
0.786533
-0.079667
0.962749
0.729760
0.053759
0.118863
0.123518
0.161496
0.754097
1.150738
0.876199
0.572749
0.767800
0.641362
0.379175
0.754982
1.032824
0.931822
0.852528
1.243164
1.071175
0.447233
0.785988
0.625283
0.868184
1.432549
0.779114
0.570180
0.918341
0.432343
0.560761
0.685415
0.876993
0.381878
0.575344
0.604569
0.677199
0.602339
0.249655
0.647452
0.427417
1.094602
0.704353
0.913440
1.007851
0.745737
0.702386
0.454452
-0.156055
0.230263
0.837949
0.722791
1.095928
0.616338
-0.519095
0.830806
0.796771
0.039038
1.452100
1.233484
0.605805
1.580207
0.685295
1.083118
0.631246
1.290881
0.231949
0.700778
0.835815
0.483848
0.565819
0.900927
1.138271
0.768990
0.674838
1.223597
0.556767
1.166427
1.308779
0.777875
1.059800
0.569689
0.829930
0.681358
1.181873
1.191440
0.198140
0.446778
0.488087
0.876315
0.445728
0.653766
0.239292
1.098572
0.484117
1.251678
1.113537
0.417383
0.600737
0.512059
0.827301
0.766017
0.010407
0.145668
0.633393
0.573524
0.453909
0.206960
0.931938
0.697262
0.563797
0.603521
0.066215
0.543676
1.115898
0.514608
0.297278
0.411679
0.792572
0.579674
0.852087
0.953371
0.662824
1.006762
0.794174
0.802919
0.683384
0.595826
0.115485
0.892196
0.549798
0.775110
0.217574
0.352632
0.498636
1.002504
0.948418
0.437296
0.187426
0.958214
0.749013
1.391747
1.002219
0.844386
0.194432
0.573451
1.415400
0.625224
0.619559
1.010172
0.849096
1.026575
0.829076
0.215752
0.364433
0.769396
1.100253
0.482984
0.953799
0.207767
1.365972
-0.141025
1.035831
0.807931
0.345100
0.783636
0.739529
0.976097
0.406836
0.177426
1.048074
0.286788
0.991409
0.803992
-0.445903
0.320856
1.289016
0.886044
0.600623
0.803597
0.419523
0.106530
0.813130
0.869997
0.844754
0.533137
1.551585
0.735279
0.062820
0.729357
1.182104
0.601923
0.365128
0.267259
0.683575
0.328182
0.328863
0.587333
0.928602
1.157625
0.830806
1.285677
0.889480
0.592925
0.371584
1.070560
1.306415
0.177195
0.290077
0.689767
0.878672
0.221627
0.327099
0.694482
0.782498
0.977118
0.366623
0.651522
0.510858
0.778226
0.187858
0.747950
0.798316
0.054314
0.506079
-0.325102
0.249517
0.323348
0.345827
1.399187
0.381773
0.573052
1.114643
0.656953
-0.282870
1.151667
0.701509
1.476517
0.326498
1.230608
0.525136
0.527780
0.109858
0.797205
0.315827
0.136522
0.846143
0.602042
1.421794
0.873629
0.584193
0.710679
0.451292
0.571924
0.504644
0.268800
0.863159
0.567661
0.030227
-0.049905
0.475330
-0.200252
-0.054194
0.847681
0.050331
0.410265
1.059903
0.337389
0.487607
0.618473
0.742753
0.881349
1.070963
0.649572
0.738496
0.442152
0.780753
0.502522
0.357018
1.044692
1.125616
0.813777
0.873928
0.773346
0.207767
0.792872
0.352149
0.061793
0.579447
0.737552
0.180910
0.782260
-0.012927
0.203892
0.331229
0.809484
0.789839
0.874255
0.045269
0.866463
0.843470
0.388329
1.227749
0.197602
0.644603
1.048542
0.509267
0.844356
0.573833
0.767828
0.653592
0.357880
0.225603
0.125984
1.246859
1.091957
-0.427108
0.901713
0.424752
0.785850
1.682544
-0.401304
-0.039618
0.498799
0.391853
1.346150
0.462663
1.099214
0.881639
0.672792
0.869352
0.865209
0.326858
0.673083
0.618093
0.661058
1.066814
1.252183
1.075482
0.383230
0.498640
0.104465
1.283749
1.039551
0.689195
0.419247
0.706617
0.645790
0.685409
1.168672
1.096333
0.687369
0.617590
0.590614
0.937033
1.271375
1.038431
1.079356
0.915345
0.563824
0.632197
0.886452
0.499957
0.829749
0.355865
0.665904
-0.113321
0.763509
0.558897
1.050041
1.313173
1.265389
1.241913
0.486070
0.185531
0.903636
0.322712
1.091353
0.838166
0.098137
0.639055
0.473026
0.815207
-0.057708
0.183511
0.474779
0.658164
0.670123
0.235951
0.845928
0.443912
0.178202
0.903784
1.198972
0.364606
1.052880
1.187441
0.632246
0.831536
0.556595
0.147612
1.169951
1.170912
0.622243
1.103114
1.369850
0.606587
0.888346
1.083575
0.737116
0.280371
0.347875
0.989255
0.687498
1.030551
0.445449
0.209102
0.508741
0.690954
0.369667
1.183562
0.979832
0.317555
0.688842
0.855185
0.671807
0.698220
0.788291
0.487349
0.666749
1.010378
0.935177
0.218508
0.737214
0.000102
-0.388276
0.426948
-0.007565
0.901074
0.659446
0.600623
0.857550
0.271760
0.890137
0.646534
0.325733
0.807681
0.887798
0.599249
0.424411
0.403906
1.395448
0.975816
0.627577
0.822011
1.014102
0.685941
0.347601
0.493304
0.716090
0.968128
1.073044
0.042476
0.788596
1.214989
0.411018
-0.122033
0.497795
0.463303
0.257206
0.531880
0.625160
1.094602
0.560441
0.859497
0.772289
0.861593
1.115228
0.646062
0.668737
0.085734
0.880498
0.204035
0.649323
0.863155
0.345568
0.268805
0.797405
0.781451
0.786826
1.141696
0.860784
0.911259
0.102101
0.127853
0.655888
0.131485
1.342030
0.954607
0.590452
0.497044
0.419046
0.222339
1.660776
1.045728
0.938323
0.519906
0.588869
1.211179
0.302629
0.247899
0.778429
0.833677
0.708602
0.538863
0.010962
0.729813
0.487230
0.516106
0.893254
1.092684
1.328062
0.166628
0.602515
0.720388
0.757602
0.566736
0.739969
0.465456
0.834522
1.118489
0.153778
0.430466
0.449539
0.679774
0.107025
0.183038
0.792314
0.601709
0.549398
0.477763
0.878830
0.288786
0.798019
0.551806
0.374588
0.762848
0.863648
0.586048
0.762525
0.350456
-0.054153
0.421014
0.773220
0.583426
0.467624
0.215549
0.477318
0.656320
0.717621
1.272356
0.575145
0.369003
0.223306
0.758663
0.394428
0.195727
1.016868
1.038649
0.997964
1.472014
0.971640
1.267037
0.341728
0.873023
0.915855
0.316085
0.856767
0.756709
0.945349
0.552523
0.785558
0.652506
0.377826
0.688189
1.313531
0.798400
0.244713
0.929944
0.404179
0.837339
0.644561
0.149310
0.452113
0.198559
0.546620
0.237455
0.831331
0.446588
0.723404
0.755912
-0.112347
0.389249
0.867862
1.066490
0.641889
-0.012925
1.062020
1.080806
0.718079
0.710228
0.492611
0.701659
0.696815
0.152172
0.855667
0.311988
0.622158
0.453208
0.810991
0.876993
0.925550
0.038848
0.850649
0.763191
-0.174839
0.805674
0.666752
0.719026
0.404755
0.787189
0.917094
0.540026
0.531885
0.307876
-0.038917
1.529300
0.052654
0.737833
1.360768
0.856990
0.921416
0.624472
0.356426
1.150859
1.070829
1.016981
0.327583
0.583374
1.498823
0.449047
0.802546
0.630511
0.656798
0.259446
0.834293
0.690912
0.152492
0.390255
0.022163
0.257206
0.566057
1.368401
0.803417
0.076450
0.100845
0.180900
-0.496414
-0.152565
0.726596
0.254704
0.535645
1.132218
0.298342
0.859909
0.880420
0.602640
1.169301
0.607662
0.595089
1.237523
0.172414
0.566853
1.308878
0.743065
0.566556
0.696714
0.734402
0.923519
0.535102
0.951646
0.434815
1.074371
0.487216
0.642942
1.128427
1.025285
0.104538
0.454112
0.712812
0.324289
0.771389
1.376681
0.484462
0.263989
0.993647
0.841094
1.173465
1.012264
0.588855
0.284408
0.125416
0.981608
0.348249
0.153087
0.692948
0.497740
1.270009
0.073614
0.303671
1.030792
0.502731
0.192855
0.817059
0.865168
0.544765
0.581376
0.499923
1.377158
1.000215
0.107693
0.727875
0.818244
0.455786
0.421549
0.183213
0.983874
1.235108
0.676564
0.948244
0.457060
0.315768
-0.001885
0.437390
0.674348
0.458433
1.212411
0.459720
0.722979
0.665068
0.931082
1.056418
0.984116
1.041220
0.306772
1.528092
0.266517
0.169937
1.076141
0.363314
0.518106
0.033780
0.991141
0.568227
1.688013
0.408793
0.473937
0.632281
0.618238
0.612276
0.475117
0.637407
0.860059
0.850007
0.813037
1.465589
0.006686
0.824836
0.778185
0.776955
0.513821
0.796632
0.990875
0.474651
1.006113
1.411572
0.829010
0.654539
1.171412
0.232502
0.785493
0.549041
0.585719
0.791112
0.563965
-0.050025
-0.469011
1.192524
0.761507
0.497190
0.853834
0.967450
0.745997
0.852156
0.363418
0.150767
0.648005
0.251394
0.719368
1.010390
0.637537
0.855012
0.630511
0.100672
0.682452
1.243128
1.414415
1.312416
0.926945
0.975530
0.583293
-0.119291
0.084126
1.246142
0.206812
0.725913
0.761820
0.717940
0.154901
0.350228
0.911396
0.626344
0.915532
0.730443
1.135518
1.069967
0.188260
-0.035971
0.608578
0.731859
0.417826
0.917173
0.679592
0.790661
1.218778
0.580176
0.895262
0.505049
0.269968
-0.114463
0.401565
0.184217
0.398005
0.762262
0.686334
0.192315
0.513264
0.233278
0.614273
1.367835
0.768953
0.772085
0.629196
0.700361
0.748302
0.626103
0.719406
0.140933
1.089400
0.467572
0.493097
0.293913
0.581483
0.169290
0.396943
0.433268
0.956880
1.745708
0.475304
1.235633
0.630960
0.800564
1.440878
0.731135
0.766104
0.595319
-0.061708
0.694934
1.507654
0.678605
0.476636
0.877329
1.137275
0.916107
0.489567
0.677176
1.408296
1.181970
1.201231
0.509222
0.660114
0.980556
1.746476
0.390392
0.498545
0.421444
0.060660
0.789945
0.533138
1.046619
0.786653
0.660175
0.807868
0.411717
0.494511
0.918555
0.111252
0.853770
0.774799
0.495779
0.360955
0.698268
0.774246
0.541929
1.630113
1.132325
0.572641
1.277521
1.154408
0.571314
0.650585
0.136482
1.099941
1.040278
0.440743
0.504641
1.127435
1.120264
0.822219
0.869297
0.647609
0.789817
1.029132
0.354344
0.478916
0.998915
0.556309
0.991516
0.752958
0.520335
0.753674
1.244519
0.870319
1.076978
0.112411
1.263904
0.847494
0.506722
0.579028
1.897785
1.037581
0.929129
0.665257
0.566128
0.963153
0.392468
0.422985
0.171917
0.349131
0.149616
0.344984
0.359929
0.976998
0.662189
0.212248
0.485347
0.182738
0.475641
0.667820
0.820639
1.082327
0.194511
1.502066
1.413349
0.602211
0.860363
0.491146
0.650573
1.361132
0.895641
0.928744
0.464125
0.781125
0.585530
0.192283
0.618442
1.673992
0.857330
0.449027
0.577599
0.607226
0.509773
0.553385
0.238426
1.176928
0.360820
0.505447
0.241296
0.395037
0.475392
0.663921
1.288917
0.009064
1.038268
-0.037281
0.014786
0.546823
0.717842
0.809608
1.229841
0.500357
0.674186
-0.092159
1.106161
0.608309
0.275213
0.378471
0.000942
0.859473
0.107489
1.128080
1.159018
0.423678
1.450166
0.886323
0.516144
0.882902
0.765911
0.902343
0.807787
0.619957
0.596962
0.844256
1.075165
0.969012
0.602134
0.335300
1.038025
0.628718
0.473643
1.173919
0.778516
0.428272
0.777940
0.618082
0.918761
-0.108968
0.262770
0.785039
1.155568
0.787038
0.262714
0.615911
1.011298
0.991028
0.519215
0.974892
0.574914
0.765925
0.607987
0.431622
1.192255
0.199933
0.792093
0.764067
0.411648
0.397866
0.052521
0.337372
0.310667
1.025600
1.067730
1.402609
0.710761
0.596839
0.271989
0.681756
0.468122
1.196675
0.077942
0.706962
0.539811
1.063671
0.949993
0.612907
0.506601
0.328817
1.168707
0.466330
0.621940
0.822441
1.129867
0.663326
0.551299
0.767655
1.061896
-0.076357
0.540665
1.139342
0.250762
0.710115
0.312308
0.404302
0.275929
0.542483
0.870477
0.974422
0.766501
0.535459
0.811837
0.642118
0.581306
0.849890
0.367384
0.428503
0.716302
0.891952
0.459147
0.335314
0.603799
-0.150173
0.308126
1.023317
0.028761
-0.140780
1.227607
1.316553
1.036499
1.279857
0.538329
0.331762
0.652461
0.492729
0.664533
0.678926
1.034881
0.388866
0.744767
0.156585
0.331251
0.553788
0.616986
0.762717
0.897082
0.266015
0.978269
1.223710
0.650913
-0.221500
0.476057
0.675552
0.566095
0.973022
0.806201
1.193837
0.678721
0.638089
0.142250
0.275621
0.092920
0.658749
0.449569
0.620641
0.844624
0.460098
0.315771
0.317425
0.361677
0.537202
1.130856
0.954037
0.617934
0.521490
1.746603
0.541682
0.779303
0.787947
0.606693
1.325188
1.132944
0.328297
1.304851
1.079051
0.609002
0.389313
0.618810
0.797541
1.743515
0.779961
0.792144
0.346565
1.001507
1.068824
0.702769
0.366840
0.766804
0.844754
0.011259
0.514350
0.625629
-0.082839
0.753307
0.403071
1.179715
0.678193
0.006137
0.862862
0.277558
-0.443630
0.571387
0.136489
1.033692
0.147890
0.309757
0.422419
0.355767
0.057633
1.359368
1.552363
1.023495
0.297757
0.479394
0.451573
0.194731
0.651833
0.300037
0.478183
0.498799
0.875249
1.267417
0.435502
0.222675
0.767113
0.784223
0.540362
0.759160
0.341252
1.066091
0.501632
0.822143
0.386434
0.838104
0.497302
0.851371
0.370825
0.778941
0.804787
-0.163149
1.116193
0.513792
0.804173
0.429029
0.357880
0.063393
0.804215
0.917658
0.994345
0.147778
0.142161
0.971753
0.315900
0.771536
0.385620
0.830846
0.741226
1.033335
-0.129709
0.539273
0.357960
0.498268
1.275532
1.084596
0.144998
0.585874
0.419568
0.562258
0.028391
0.571287
0.650579
1.206173
0.102165
0.972134
0.741754
0.232414
-0.169970
0.493057
0.659273
0.543377
1.102877
0.608733
0.940176
0.137948
0.813539
0.969011
0.721141
0.587905
0.617374
0.594376
0.677895
0.045404
0.932074
1.276426
0.820723
0.204794
0.690857
1.061016
0.416846
0.462017
0.838104
0.896788
0.953838
0.668839
1.008934
0.321099
0.891934
0.993330
0.648210
0.761565
0.411135
0.404376
0.885388
0.802654
1.061059
0.856288
0.572261
0.797928
0.589177
0.902625
0.801509
1.246838
1.059217
1.350835
0.499731
0.854015
0.119004
0.544417
0.286787
0.856672
0.597879
0.431830
0.152991
1.055599
1.152504
0.107638
0.972954
0.589285
0.137839
0.502221
0.540128
0.954457
0.705523
0.932617
0.542439
1.085495
0.908638
1.593917
1.258102
1.024840
0.326365
1.212791
0.766568
1.495174
0.665836
0.626793
0.509132
0.826738
0.580012
0.722712
0.632144
1.139825
0.477364
0.470292
0.866567
1.147140
0.532334
0.970702
0.238339
0.789771
0.456185
0.482186
0.532511
1.010237
1.173660
0.051801
0.411135
0.727382
-0.047449
0.576850
0.541440
1.047351
0.821047
0.995345
1.021540
0.570777
-0.017700
1.094409
1.222567
0.568860
0.813539
0.790083
0.272607
0.503150
0.619296
0.591993
1.255370
1.344031
0.405503
0.742166
0.347113
0.947630
0.309987
0.699756
0.695490
0.553196
0.266015
0.777514
0.717374
0.852655
0.681710
0.562254
0.163681
1.523637
1.142285
0.778120
0.792596
0.559572
0.718624
0.530418
0.097903
1.286933
0.380814
1.033865
0.580428
0.284390
0.687316
0.879999
0.373365
0.376366
0.700840
0.798998
0.692206
0.433941
0.940614
0.743317
0.388562
0.933389
0.610551
0.645631
0.681397
1.435316
0.373079
0.726809
0.241689
0.961059
1.607900
0.796203
1.167012
0.249328
0.913171
0.526166
0.887137
0.689348
0.304302
0.495660
0.862548
0.413933
0.744805
1.215306
1.073717
0.230767
0.592595
1.191087
0.022364
0.694921
1.285731
0.416706
0.954403
0.309987
0.875722
0.279187
0.027243
0.629682
0.398495
1.140376
0.271878
0.553393
-0.110843
0.636426
1.267189
0.153762
1.249158
0.698232
0.754783
1.060636
0.970510
0.645940
-0.110125
0.419349
0.525914
0.533224
1.107380
0.626880
-0.277871
0.819880
1.163710
0.723380
0.513302
-0.151819
1.520043
0.622066
-0.012960
0.411632
0.448461
0.763382
0.418947
0.965172
0.866512
1.218184
0.999585
0.719217
1.282709
0.272347
0.574430
0.862659
0.443262
1.207162
0.860326
1.038481
0.797177
1.085150
0.449783
0.603912
0.449758
0.786100
1.174761
0.930001
0.528249
0.536109
0.688774
0.853087
0.473650
0.647673
0.283816
0.431695
0.974812
0.761854
0.647084
1.191317
0.256142
0.957824
0.967846
0.361683
0.977816
0.963506
0.374749
-0.365231
1.131080
0.537121
0.359497
1.146806
0.314160
0.667782
1.624406
0.211313
0.855389
0.896686
0.643102
0.309389
0.843199
0.537293
0.761843
0.808690
0.454228
0.393584
1.052261
0.828687
0.736118
1.349588
0.972143
0.616178
0.254179
0.042014
-0.248637
0.764632
0.957154
0.324187
0.197098
0.561110
0.871536
0.478185
0.985797
0.411640
0.525651
0.762784
1.200372
0.213209
1.031662
0.579622
1.226665
-0.043518
0.649033
1.094497
1.225975
0.736489
0.348142
0.599227
0.741841
0.434631
0.174862
0.224783
0.568980
0.277096
0.918602
0.616036
0.619161
1.259496
0.698346
0.439759
0.085004
0.022229
0.788321
0.087202
0.835009
1.106246
1.606195
0.181453
0.993987
0.886508
0.168608
0.546577
0.457582
0.186936
0.595697
0.235050
0.276596
1.065602
0.328623
-0.185663
0.564209
0.305219
0.501900
-0.011357
1.093092
0.208314
0.653712
0.629363
1.617682
0.064091
1.342600
1.137086
0.654040
0.911396
0.761354
0.805079
0.885907
0.367914
0.204854
-0.013584
0.739552
0.034879
0.587554
0.603059
1.203491
1.042900
0.341745
1.313478
0.351944
0.365588
0.417643
0.541955
0.899344
0.646757
0.896255
0.645233
0.914491
0.713785
0.963590
0.622414
0.943229
0.669671
0.748302
0.570807
1.211117
0.489982
0.798160
0.212344
0.003464
0.470051
0.013183
0.831229
0.934926
0.421377
0.928085
0.896495
0.881008
0.363594
0.608434
0.249686
0.311922
0.689459
0.734233
1.092806
0.710891
0.993909
0.604624
0.269828
0.555180
0.897576
1.235681
0.777983
-0.218125
0.741645
0.593210
1.091638
0.681689
0.591789
-0.004126
0.459762
0.609108
0.800968
1.234819
0.557403
1.543271
0.520219
0.898061
0.892251
1.133502
0.552965
0.155837
1.211204
0.630756
1.190633
0.505473
0.475263
0.775086
0.771159
0.846418
0.690954
1.072157
0.806686
0.868732
-0.089360
0.833189
1.001218
0.353756
0.653288
0.867965
0.444541
0.113166
0.445723
0.526691
-0.153016
0.491207
0.381575
0.351663
0.888801
1.381104
0.900468
0.082852
0.668120
0.824448
0.577959
0.954491
0.882898
0.676651
1.039242
0.495878
0.266773
1.254348
0.917995
0.500929
0.515235
0.748390
0.569299
0.937150
0.407562
0.401045
-0.233289
1.367860
0.240541
0.557236
0.719871
0.531880
0.592825
0.381976
0.850599
0.704812
1.028889
0.704088
-0.418034
0.674055
0.457654
0.824177
0.346943
0.600869
1.172543
0.948751
0.340487
0.063260
0.948192
0.714852
0.236458
1.045978
1.091255
0.451380
0.574353
0.675698
1.263720
0.684940
0.835236
0.390814
1.272552
0.797025
0.708991
1.168856
0.184241
1.108795
0.467710
1.134047
1.019560
0.487846
0.653095
0.711047
0.991428
0.122805
0.208799
0.849421
0.718440
0.825106
0.954900
0.425110
0.691305
1.419368
0.146094
0.885834
0.647144
1.214277
-0.050465
0.685762
0.283279
0.417933
0.010037
0.332398
0.846418
0.470736
0.359970
0.618483
0.518707
0.563466
0.236620
0.936123
0.985443
0.663284
1.123364
0.929795
1.295254
0.668138
1.071973
0.709810
1.245649
1.355680
0.891653
0.712352
0.695401
0.501087
0.576473
1.225195
1.169890
0.365106
0.673961
0.537755
0.948889
1.164223
0.499258
0.672225
0.228750
0.718139
0.864690
0.409398
0.638521
0.476618
0.671794
-0.038553
0.488465
0.684383
0.570760
0.340635
0.606410
1.238139
1.182763
0.236088
0.271116
0.145540
1.172082
0.319508
0.333287
0.310409
0.504647
0.638308
0.480202
1.425432
0.081608
0.495212
0.459452
0.022899
0.373035
0.093522
0.438017
0.206946
1.335007
0.703244
0.691012
0.874622
1.233756
0.364177
0.636037
0.093496
0.576088
-0.140459
0.084112
-0.266734
0.698232
0.831270
0.783605
1.495220
1.160019
0.261776
0.279882
0.478356
1.057172
0.895390
1.008780
0.731025
0.758036
0.748463
1.462387
0.017435
0.807454
0.940757
0.573074
0.581366
1.226400
0.940360
-0.258378
-0.289723
0.133266
0.657538
0.442234
0.741069
0.751569
0.472197
1.075170
0.774160
1.203100
0.773948
0.369233
1.075719
0.678509
0.368070
0.420154
0.802562
-0.003586
1.107144
0.579534
0.877285
0.431703
0.347293
0.712050
0.670685
0.564518
1.001906
0.809642
1.042265
-0.032691
0.977477
0.883970
0.668220
0.598835
0.759275
0.872366
0.532373
1.031014
0.686267
0.242591
0.030151
0.671916
0.189901
-0.071069
0.466047
1.135746
0.675423
0.942698
0.812298
0.119794
0.961406
0.917683
0.986080
1.002786
0.133000
0.863899
1.053407
0.536299
0.766447
1.368201
0.192528
0.622725
0.953538
1.044811
0.136146
0.706886
1.037655
0.518590
0.379129
0.983254
1.063659
0.614320
0.620475
1.361675
0.814031
1.010948
0.874174
0.827879
0.221505
0.783003
0.709209
0.625369
0.554671
0.764398
0.709884
0.009221
0.769880
0.654213
1.047919
0.460327
0.503150
0.388550
-0.027104
0.470338
0.371248
0.478999
0.828633
0.179194
1.039436
1.074848
0.870133
0.993448
0.427683
0.179112
0.909963
0.602661
0.537178
0.623210
0.525151
0.642432
0.965258
0.349561
0.721162
0.388436
0.290081
0.877155
0.292911
0.622470
0.575104
1.048541
0.787047
0.887460
1.260897
0.975178
0.447153
0.662685
-0.112606
0.728747
1.121806
1.694347
0.989766
0.429253
0.395626
0.767911
0.513205
0.233126
0.722132
1.001572
0.303798
0.546402
0.605030
0.409964
0.740189
0.964756
1.124411
0.722957
1.264837
0.872541
0.139574
0.331185
1.104556
0.560931
0.778901
0.376361
0.688801
0.361543
0.138594
0.511383
0.593299
0.569228
0.534817
1.504021
0.769156
0.991179
0.769068
0.358457
0.063989
0.318562
0.235625
0.528499
0.284062
1.393616
0.722172
0.199879
0.779383
0.885977
0.951471
0.175103
-0.219456
0.927727
0.686603
0.072085
0.255941
1.409100
0.611507
1.122821
1.409962
-0.163249
0.380187
1.103728
0.338912
0.447487
0.190680
0.856908
0.795396
0.414867
0.308138
0.924162
0.859857
0.754128
0.585313
0.191260
1.125511
0.570129
0.672537
0.672295
0.069136
0.588296
0.894392
1.054223
0.854420
1.051768
0.489852
0.764363
1.025696
0.296612
0.435509
0.759833
0.278251
1.034803
-0.609780
0.811884
1.188919
0.376172
0.428675
0.601028
0.883467
0.460833
1.429929
0.444312
0.921903
0.806956
0.151892
0.524476
0.483796
0.457637
0.647144
1.019793
0.428586
1.240468
0.277281
1.464273
0.560931
0.589735
0.734165
0.842722
0.527318
0.414017
0.763735
0.326268
0.003145
0.478567
0.312977
0.814965
0.907410
0.546995
0.968322
0.597016
0.871407
0.207289
0.109576
0.650592
0.670121
0.569717
0.317313
1.064042
0.303723
0.510413
0.250881
0.414436
0.486458
0.289828
1.160107
0.985977
0.465858
0.656652
0.443190
1.511721
0.409658
0.599787
0.488701
0.531131
0.688774
0.871362
0.260766
0.398638
0.885536
0.005172
1.464494
1.256715
0.892766
0.360015
0.694921
0.808579
0.492204
0.914715
1.011788
0.935128
0.879708
0.040863
0.232244
0.746516
0.766228
0.584825
0.809304
0.771338
0.642132
0.919045
0.622414
1.056413
0.675698
0.125578
0.366892
0.577928
0.084041
0.706419
0.487438
0.471332
0.347058
0.598757
1.193036
0.080035
0.888307
1.093094
1.358941
0.354783
0.580388
0.913512
-0.190944
0.261753
1.051307
0.655230
-0.103424
0.218491
0.812388
1.057424
0.847130
0.816865
0.246508
0.675713
0.166152
1.071751
0.708229
0.586357
0.822922
0.265726
0.716646
0.385580
1.024033
0.628007
0.555337
0.461657
0.924769
1.110469
0.642884
0.740211
0.966505
-0.185804
0.222718
0.330827
1.198622
0.476202
0.515450
1.007279
0.546428
0.456105
1.087212
0.855242
1.177960
0.508275
0.249718
0.293476
0.328860
0.167665
0.383922
1.090371
0.591783
0.536778
0.601558
0.896138
0.648421
0.668687
0.418378
0.333495
0.590505
0.888844
0.444365
0.821050
0.860946
0.921217
0.329722
0.284730
1.415024
0.314772
0.535966
0.419692
0.527517
0.915801
0.792527
1.185656
0.752063
0.683157
1.077980
0.466952
0.508144
1.059207
1.326456
0.903231
1.067773
0.629868
0.866755
0.389364
1.494783
-0.261817
0.665479
0.299015
1.143171
0.576296
1.031191
0.007294
0.069945
0.266807
0.050292
0.866440
0.913311
0.661083
0.793911
0.643296
0.544434
0.079763
0.876045
0.193156
0.651111
0.799149
0.429751
0.750150
0.751578
0.432846
0.577046
1.069584
0.164065
0.498214
0.813908
0.362703
0.700221
0.167996
0.549796
0.738708
0.497740
1.361743
0.304195
0.828821
0.889477
0.567711
0.110535
1.148832
1.009006
1.340960
0.627481
0.659062
0.643203
0.934472
1.008780
0.541754
1.173710
0.361543
0.349030
0.635217
0.586888
0.630697
0.753863
0.618308
1.149617
0.525224
0.632520
0.540837
1.319994
1.212463
0.718828
0.802860
0.080345
0.050220
0.307475
0.727983
0.700994
0.673782
0.360560
0.198835
0.674087
0.764268
0.073463
1.348120
0.301095
0.716965
1.422058
0.438549
0.950709
0.805046
0.910904
0.836264
1.002851
0.443878
1.168004
0.340032
0.918090
0.298662
0.695719
1.365163
0.142401
-0.663011
0.478612
0.606244
1.213519
0.928081
0.529578
0.276772
0.715410
1.256176
0.607805
1.160729
0.506093
0.681525
0.441053
1.155034
0.220449
0.381575
1.443850
1.118135
0.553551
0.979719
0.816901
0.856076
0.610488
0.579382
0.541965
1.540569
-0.127032
0.465440
0.677680
0.577931
0.024081
0.909806
0.661628
0.542577
1.382417
0.440196
0.480731
0.460275
1.250448
0.476190
0.410598
0.084529
0.520156
0.835040
0.366038
0.882828
0.384412
0.749108
0.796866
0.738887
0.723895
1.112569
0.099602
0.536712
0.562528
1.383790
0.398075
0.484235
0.954195
0.959576
0.707691
0.058487
0.479790
1.122004
0.592657
1.052094
0.283738
0.560768
0.824559
1.198169
0.843797
0.830298
0.360309
1.117756
1.396671
0.744702
0.905228
1.335605
0.417717
0.516380
0.959253
0.374252
0.614684
0.733793
0.380698
0.489901
1.196986
1.006092
0.903513
0.195719
-0.145112
0.805455
0.129380
0.095362
0.991090
0.938323
0.683972
0.540256
1.414356
0.581941
0.091497
0.422049
1.092906
1.176590
0.214585
0.427829
0.070152
0.718168
0.854898
0.032220
0.979319
0.387054
0.621644
0.780371
-0.115737
0.411063
1.033453
0.452289
0.711192
1.043684
0.174394
0.119491
0.400501
0.986672
0.759435
0.800209
0.424707
0.274145
0.966059
0.916097
1.025248
1.245553
0.159587
0.509132
1.073296
1.653708
0.893913
0.647974
0.597162
0.109944
0.334363
0.249937
0.139770
0.827581
0.890156
0.744656
0.617242
0.768998
0.707145
1.507235
0.789984
0.586995
0.432303
1.443246
0.880611
0.954607
0.134896
0.604049
0.230444
1.472084
1.134750
0.677745
0.353138
0.786990
0.988433
0.574914
0.460414
0.358473
0.855000
0.272760
1.123802
0.292956
0.878335
0.867241
0.123389
0.367936
0.811877
0.112638
1.037640
1.123513
-0.067830
1.188897
0.964077
1.578427
0.894966
0.434634
0.244713
0.676550
0.828728
0.397161
0.203494
0.804284
0.846691
0.297564
0.161317
1.182564
0.506139
0.990716
0.641421
0.409371
0.196344
1.355501
0.357917
0.330306
0.553589
0.514699
0.622924
0.113132
1.341772
0.252032
0.630697
1.275988
0.968719
0.249669
0.362170
0.487907
0.926235
0.074602
0.742187
0.903204
1.047867
0.625126
1.354574
0.003256
0.803517
0.402876
0.237538
0.382468
0.169383
0.832016
0.917219
0.025072
0.773386
0.779802
0.619217
-0.409440
0.742337
0.783587
0.630355
0.049739
1.774541
0.573360
0.656897
0.289053
0.479592
0.308117
0.243255
0.380474
0.557283
1.098786
0.745438
0.468349
0.425966
1.021722
0.031601
-0.399039
0.327542
1.071186
0.951851
0.915264
0.935730
0.487118
0.719217
0.831235
-0.045241
0.506272
0.678334
1.087078
0.523107
0.925737
0.406332
0.492803
0.616677
1.201250
0.304793
0.692725
0.115882
0.362335
0.627789
1.405299
0.303531
0.710194
0.995911
0.760196
0.944664
0.186490
0.383271
0.478432
0.376225
1.383622
0.480171
0.727832
0.437270
0.195524
0.587337
0.098822
0.530367
0.864856
0.785959
0.721337
0.793391
0.635377
0.389494
0.607480
0.473583
0.724419
1.191227
0.435335
0.481637
0.569885
0.341745
0.574985
0.356951
0.290417
0.276629
0.717272
0.851147
0.711812
1.228814
1.266176
0.946936
0.465475
0.863457
0.076921
0.389113
0.340902
0.669037
0.758919
0.700778
0.820313
1.214930
0.511463
0.128583
-0.101650
1.346370
0.796767
0.999585
0.716965
1.070782
0.851038
0.751568
0.747767
0.734274
0.284658
0.713508
0.009777
0.198864
0.546332
0.577870
0.785518
-0.233431
0.828819
1.117417
0.835696
0.461744
1.339095
0.801549
0.266531
0.187723
0.963868
0.960455
0.162066
1.088240
0.724907
0.483340
0.057794
0.499946
1.182059
1.362199
0.481544
0.359001
0.583658
1.405236
0.591326
0.174392
0.560987
0.288960
0.512296
0.575791
0.846452
0.762830
0.841373
0.022372
0.499049
0.861922
0.879759
0.642620
0.842104
0.800971
0.661820
0.684461
-0.098319
0.770927
1.056833
1.060521
0.738586
0.635250
0.782249
0.268125
0.985392
-0.090497
0.430345
0.433199
0.275313
0.735712
0.801955
1.170446
0.611060
0.961453
0.587972
0.499249
0.211104
0.332596
0.702878
0.452728
0.379705
0.363029
1.112430
1.331614
0.978190
1.129226
0.088063
0.513205
0.021706
1.153363
0.410408
0.353778
0.133260
1.108168
0.667431
1.091255
1.083616
0.921880
0.743731
0.716332
0.813421
0.301833
0.065623
0.139852
1.025374
1.024648
0.581376
0.475525
0.444664
0.462167
0.425788
0.654275
0.162955
0.372652
0.070059
0.804426
0.215337
0.500730
0.943377
0.920344
1.309870
1.019843
0.291664
0.462603
0.202475
0.750465
0.705852
1.152634
1.153261
0.641480
-0.023090
0.467927
0.957737
0.833727
0.602134
0.761395
0.616972
0.589530
1.047610
0.429779
-0.044412
0.905110
0.982468
0.470051
0.940907
1.174514
0.889484
0.870796
0.628857
0.858379
0.832664
0.375254
0.606213
1.034305
1.146715
0.514048
0.496911
0.623472
1.095928
1.263779
0.844108
0.789496
0.365762
0.492573
1.034200
0.905321
0.634837
0.626685
0.751930
0.899548
0.719072
0.936973
0.791515
0.942038
1.010121
1.193257
0.899678
0.244986
0.672868
0.609833
0.444009
0.868322
0.527123
1.149106
0.387319
-0.285029
0.312091
0.585988
0.832107
0.707818
0.771599
0.595420
1.080002
0.265353
1.122843
0.290510
0.909115
0.395865
0.225753
-0.109937
1.470090
0.404837
0.720791
0.887436
1.217780
0.883028
1.067515
0.307027
0.449678
1.486308
0.303886
0.896157
0.264761
-0.130468
0.682620
1.425432
0.786726
1.124453
0.269276
0.544111
-0.039479
0.814652
0.921205
0.745052
0.454856
-0.001685
1.087837
0.388194
1.025096
0.176023
0.545636
0.472278
0.856880
0.984077
0.878464
0.470791
0.915566
0.698777
0.116308
0.845063
0.716362
1.026150
0.624589
0.568698
0.394883
0.772154
0.352923
0.998380
0.550822
1.216186
0.475072
1.293800
0.808662
0.243220
0.664328
1.212926
0.484900
0.082205
0.794976
0.655196
0.628630
0.471382
0.709108
1.186158
0.427598
1.046646
1.392527
0.502981
1.122415
0.523030
0.004578
0.310539
0.375215
0.437760
0.689878
0.546031
-0.157097
0.661216
1.355129
0.200583
0.275477
1.434555
1.197832
1.796241
0.950836
1.011241
0.713667
0.473569
0.612186
0.668147
0.347947
0.129658
0.784854
0.789135
0.241439
1.212564
0.563476
0.829286
0.381501
0.702785
0.195806
0.748548
0.882326
0.890659
1.382709
0.943518
0.197067
1.072157
1.159523
1.196625
0.551952
0.700127
0.814167
0.826313
-0.228712
0.403333
-0.272501
0.534619
0.588445
0.673458
0.302976
0.932376
0.953510
0.291058
0.516893
0.427637
-0.089360
0.529589
0.629181
0.250740
0.445728
0.458909
1.046801
0.417498
0.703232
1.111402
0.349081
0.350340
0.108688
0.678779
0.699740
0.498763
0.790053
0.933132
0.750386
-0.188578
0.932582
1.605585
0.727757
1.000269
0.305790
0.663575
0.636964
0.980094
0.682441
-0.027263
0.209011
0.395861
0.242644
0.709430
0.984095
1.000269
0.306683
0.355377
0.553003
0.575153
0.544446
0.635977
0.970584
0.970383
0.173321
0.455044
0.851350
0.541873
0.910646
0.743029
0.713841
0.814620
0.565885
0.729897
0.052916
0.413285
1.080928
0.439098
0.627325
0.271262
0.765961
0.576459
0.859305
0.626344
0.611560
0.540463
0.329573
0.679721
0.305360
0.777983
0.853577
-0.168400
0.522902
0.437512
0.876175
0.818493
0.172188
0.902646
0.420358
0.589552
0.998176
0.681142
1.122474
1.355054
1.592941
0.685489
0.953225
0.552397
0.915114
0.474303
0.862109
1.015804
1.449721
1.132678
0.728898
1.057575
0.062596
0.927320
0.434071
1.096772
1.628550
0.512296
0.409371
0.495288
0.842903
0.470353
0.748155
0.934866
-0.016813
0.523884
1.027950
0.102554
0.270141
0.821300
0.781431
0.484959
0.473528
0.330362
1.019139
0.575049
0.413564
0.537778
0.516917
0.836820
0.192761
0.943734
0.766382
0.336265
1.089445
-0.007603
0.490464
0.311416
1.273772
0.858577
1.095047
0.783045
0.796382
0.501612
0.722956
0.610663
0.502133
0.438811
0.309802
0.672121
0.433892
0.336603
0.116051
0.468206
0.499184
0.373104
0.225152
0.593606
0.676632
0.733279
0.932756
0.697304
0.825308
0.035769
0.581502
0.282907
0.672446
0.631734
0.801521
0.820186
0.719772
0.140671
0.819314
1.490511
0.919263
0.100185
0.321081
0.774462
0.759123
0.475721
1.167686
1.225356
0.340506
1.175164
0.854669
0.890095
1.303222
0.828819
0.327074
0.606585
0.472994
0.589686
1.194627
0.832346
0.649033
-0.211791
1.142033
1.186933
0.556037
0.426284
1.170735
0.883970
0.394715
0.512439
0.887189
1.123364
0.847278
0.922788
0.953935
0.140760
0.688501
0.304485
0.569689
0.207392
0.366378
1.362003
-0.054737
1.250993
0.815330
0.719524
0.401129
0.768014
0.471536
0.100652
0.606275
0.438040
0.817678
1.026076
0.675847
0.888383
0.441015
0.941146
0.837260
1.100134
0.517519
0.191224
0.924755
0.671919
1.299108
0.684600
-0.042951
0.711398
0.447133
0.760046
0.789903
1.123739
0.457704
0.714043
1.255210
0.548898
0.309802
0.608173
0.536010
0.523057
0.672392
0.199888
0.375128
0.372719
0.292500
0.647031
0.686513
0.680686
0.672392
0.404304
0.507685
0.767244
0.784266
0.745848
0.259240
1.021472
-0.042623
0.344633
0.925956
0.090145
1.220532
0.018704
1.405897
0.686267
0.186687
0.724538
-0.213121
0.173652
0.896494
1.366666
0.736051
0.949880
0.772314
0.686294
1.168178
1.518043
0.808973
0.528904
0.581729
0.274492
0.867359
0.494275
1.310528
0.541375
0.661206
0.764226
1.186588
0.780695
1.794026
1.146341
0.510413
0.589795
0.844030
0.423793
1.144989
0.775618
1.209196
0.166470
1.117135
0.659031
0.349751
0.783017
0.096296
0.770352
0.790813
1.232961
0.152437
0.651522
0.254613
0.436572
0.928835
1.071918
0.639248
0.846347
0.945880
0.169283
0.794028
-0.393651
0.564460
0.000807
0.515602
0.153304
0.502818
0.341931
0.811825
0.710666
1.463972
0.724192
0.216550
0.951033
0.547600
0.491218
0.738716
0.844026
0.436396
0.534836
0.747958
0.193270
0.824986
0.602396
0.836282
0.630360
1.108585
0.678267
0.583864
1.145537
-0.101252
0.326683
0.916121
0.644642
0.171374
0.810971
0.356424
1.321406
1.165322
1.090939
0.067766
0.742988
0.477255
0.632231
0.517559
0.698752
0.349018
1.089358
0.885933
-0.092199
0.446806
0.449521
1.066489
0.515630
0.654304
0.896749
0.107917
-0.043508
1.120489
-0.009470
0.147386
0.675879
1.128095
0.820186
0.558627
0.218778
0.306801
0.843724
0.130170
1.275366
0.801813
0.163204
1.323129
0.435383
1.089879
0.561377
0.709602
1.142442
0.694519
0.499562
0.523885
1.151581
0.793628
0.406859
0.700461
1.001851
0.505974
0.495928
0.973517
1.280368
0.432022
0.055801
1.215318
0.514183
0.476950
0.381425
1.398483
0.357444
0.579152
0.535647
0.670006
0.683830
0.503286
0.684151
0.579382
0.724538
0.499652
0.777336
0.998551
0.474080
0.526003
-0.033582
0.266156
0.200505
1.324552
-0.212961
0.379093
0.397509
1.255591
1.394520
0.751342
0.033915
0.628082
0.338693
1.002610
0.386105
0.899457
0.240738
0.812979
0.867399
1.412822
0.436639
0.836877
1.076765
-0.124186
0.384850
0.607235
-0.038065
0.548259
0.282809
0.762830
0.650873
0.259349
1.037757
0.524676
0.528212
0.308714
1.009944
0.586016
0.668228
0.376966
0.785824
0.611450
0.678111
0.538049
0.823267
0.526354
0.304025
0.266469
0.326763
0.587757
0.847230
0.394907
0.427927
0.552493
0.096893
0.722120
0.613101
0.464471
0.632418
0.868675
0.673212
0.224663
1.098418
0.540128
0.402097
0.132114
1.179568
0.230197
0.299544
0.615462
1.030414
0.508670
0.382804
0.317762
0.800828
0.931405
0.719543
0.494781
0.841761
0.710758
0.373358
0.994862
0.860789
1.088130
0.713947
0.519312
0.784059
0.516554
0.513252
0.227778
0.584575
0.359624
1.081837
0.369428
0.812339
0.621342
0.726774
-0.357339
0.033942
0.315798
0.363926
0.434189
0.486166
0.204034
0.575647
0.700472
1.056487
0.656145
0.451242
0.687729
0.756084
0.855817
1.189166
0.849320
0.516985
1.000240
0.723452
1.185160
0.930810
-0.057661
0.200583
0.127395
0.013090
1.483794
0.475412
0.819054
1.379835
0.520963
0.111207
1.279445
0.437983
0.540826
0.668594
0.597016
0.379655
0.480329
0.795714
0.502479
0.923472
0.726591
0.495874
0.760152
0.849708
0.101950
0.933017
0.775676
0.936123
0.342281
0.777267
0.928904
0.550023
0.680065
0.970735
0.089802
1.124315
0.913938
1.014550
1.052921
0.069136
0.764319
0.407032
1.207593
0.584105
0.964892
0.412255
0.960246
0.231832
0.384412
1.125857
0.723519
0.453665
0.525251
0.765852
1.000827
0.877649
0.546806
0.608829
0.515854
0.040863
0.703787
0.725191
0.619507
0.969773
1.000510
-0.004816
1.013964
0.565703
0.969940
1.084251
0.338604
0.014329
0.851112
0.752336
0.810680
0.696107
1.563086
-0.019138
0.806175
0.663025
0.625886
0.979598
0.991289
0.737381
0.613839
1.191760
0.565764
0.562528
0.405808
0.123158
0.191607
0.518140
1.300028
0.793622
0.677715
0.735085
0.921878
0.747535
0.623309
0.175724
0.698760
0.080938
0.157616
0.871144
1.071798
0.193637
1.150685
0.500169
0.639994
1.319120
1.055846
0.351335
0.958000
1.149346
0.845410
-0.114021
0.947978
1.025721
0.687547
0.428296
0.181806
0.230938
-0.182306
0.719639
-0.162766
0.605622
0.674784
0.736258
0.707587
0.832192
0.740124
0.388043
0.701550
0.871422
0.551474
0.649667
0.860996
0.895454
0.585974
0.748356
0.814723
0.768271
0.662206
0.857244
0.949679
0.935633
0.781160
0.839951
0.774906
1.065794
0.628906
0.006111
0.779748
1.195116
0.351874
0.787574
0.878553
1.001183
0.245186
0.168296
0.798733
0.695307
0.505256
0.874506
0.306461
0.844256
0.678347
0.386945
0.775471
0.635728
0.699057
0.239094
0.690623
0.204146
0.088059
0.430115
0.837976
0.852177
0.494453
0.374767
1.019996
0.358396
0.524563
0.696134
0.202838
0.669223
0.805503
1.076939
0.051210
0.592479
1.286251
1.146373
0.175063
0.150407
0.561319
0.766533
0.207818
0.760083
0.929246
0.538125
0.225020
0.959036
0.733704
-0.160933
0.725648
0.027465
0.626699
0.798940
0.498961
0.986661
0.187642
0.785066
0.019453
0.783053
0.442528
0.485843
0.330769
0.823911
0.449236
0.235984
0.117434
0.902004
0.461441
0.602913
0.378377
1.218967
0.102287
0.805556
0.666654
0.919344
1.289695
1.016325
0.600438
0.917904
0.953227
0.576413
0.512980
0.782561
0.153462
0.843848
0.718274
0.945248
0.383475
1.212463
0.817806
1.068942
0.312953
0.187660
0.533838
0.330320
0.024487
0.848485
0.305802
0.900712
-0.064292
0.334838
0.127628
0.523103
0.562603
0.367116
0.165000
0.285614
0.403375
1.145357
0.574316
0.579243
0.194152
0.785310
0.222029
0.634082
0.887411
0.917112
0.139392
0.483925
0.621284
0.669954
0.691798
1.103350
0.970036
0.034947
0.526133
1.137658
0.558034
0.734792
0.202693
0.646426
0.209519
0.707280
0.504644
0.749243
0.501233
0.059565
0.524186
0.902343
0.351078
0.580296
0.258557
0.394733
0.316789
0.563797
0.554986
0.510422
0.617333
0.455320
0.243805
1.236708
0.864932
-0.000285
1.273868
0.312739
0.459632
0.511397
1.113467
0.557748
0.161274
0.033181
0.592487
0.734825
1.272363
0.024364
0.789401
0.441738
1.102290
0.507269
0.526871
1.100404
0.673606
0.088273
0.362579
1.052102
1.301183
0.734736
0.202025
0.567183
-0.230276
0.769068
0.686857
0.558380
0.488311
1.027135
0.382701
0.509744
1.008630
1.554602
1.041360
1.076061
0.491746
0.431477
0.663351
0.462685
0.436572
0.623933
0.627540
0.018198
1.176646
0.835086
0.375814
0.713162
0.300193
0.176971
0.662556
0.729824
-0.151903
0.615633
0.328623
0.912109
0.686574
0.683439
0.810674
0.546696
0.604830
0.767019
1.041886
0.652303
0.401899
0.528626
-0.250176
0.565107
0.686760
0.957749
0.688246
0.651397
1.130930
0.835025
-0.351984
0.676645
1.083160
1.040339
1.034710
1.363788
0.209195
0.722712
1.285939
0.928690
0.344555
0.612729
0.725597
0.175963
0.884798
0.759467
0.897756
1.854906
0.799064
-0.111422
0.786027
0.548351
0.806479
0.472386
0.475117
0.663104
0.234170
0.327577
0.529494
0.944540
0.047807
0.779259
0.992766
0.790377
0.680384
0.628751
0.869328
0.927678
0.413884
0.662817
0.123826
0.976372
0.116297
1.131755
0.877716
1.023464
0.903093
0.772118
0.252575
0.813625
0.814372
1.533396
0.176418
0.756987
0.835144
-0.036271
0.464890
0.384060
0.763282
0.651748
-0.067241
0.607311
0.401095
0.495740
0.222852
0.977831
0.642042
1.097691
0.494147
0.883755
0.466596
1.023504
0.837717
0.104319
0.633797
0.850766
1.271093
0.870796
0.456470
0.512551
0.207730
0.989715
0.707866
0.767793
0.773490
0.353364
0.084707
1.319217
0.977652
0.563132
1.031637
0.977676
0.607761
0.736244
0.409547
0.422343
0.782343
1.009875
0.988718
0.862600
0.913079
1.259058
0.046336
0.613660
0.128468
0.238845
1.210502
1.058228
0.817068
1.311909
0.432310
0.916093
0.404406
1.102470
0.619285
0.351325
0.881466
0.862501
1.180292
-0.218659
0.413527
0.706154
0.112519
0.100076
1.098978
0.835592
0.213973
0.311714
0.821140
0.938852
0.435335
0.687343
1.787110
-0.229670
0.549539
-0.092789
0.554624
0.602718
0.517539
1.322544
0.216902
0.346041
-0.055902
1.022822
1.446529
0.809938
0.971229
0.924138
0.336147
0.676687
0.308160
1.271848
1.238665
-0.005782
1.343053
1.404131
1.066497
1.218990
0.357470
0.313092
0.247152
1.122564
1.001634
1.239184
0.847333
1.042502
1.010124
1.197341
0.777184
0.379393
0.599568
0.360774
0.511625
0.866320
0.925297
0.180115
0.382058
0.880791
0.568304
1.630963
0.424198
0.312639
1.263671
1.038768
0.128787
0.427277
0.244434
0.006659
1.226805
0.659433
0.114683
1.087367
0.309202
1.029532
0.816311
0.329648
0.588481
1.235015
0.561945
0.754125
0.454824
0.667922
0.939033
0.479444
0.659439
0.343564
0.255502
0.164065
0.643361
0.858024
1.002279
1.303547
0.666673
0.480809
0.427030
1.059335
1.170728
0.578753
0.407133
0.173266
1.138037
0.589994
0.061424
0.572459
0.929273
0.977543
0.434393
0.531506
1.012562
0.797435
1.279947
0.268233
1.154995
1.108355
0.384715
0.235464
1.078191
0.955368
0.400544
0.243804
1.059536
0.101722
1.110117
0.614740
0.258363
0.687825
0.632658
1.252192
0.829956
1.062654
1.797283
0.993108
0.698351
1.245667
0.779624
0.877155
0.112190
0.606011
-0.203388
0.213779
1.196064
0.915775
1.096683
1.297453
0.690496
0.616972
1.408871
0.576351
0.519440
0.349679
0.439403
0.652378
0.601937
0.191550
1.150604
0.490789
0.831577
0.165716
1.205946
0.450635
0.716203
0.002630
0.914880
0.973550
0.319652
0.852114
0.922966
1.058186
0.339848
0.744656
0.686237
0.333536
1.068402
0.651427
0.489293
1.078316
0.239126
0.874622
0.174509
0.818023
0.443904
0.962091
1.263195
0.570716
1.315398
0.340242
0.652059
1.312725
0.685869
1.131078
0.574554
0.184802
1.143380
0.744754
0.811549
0.313802
0.725818
0.232094
1.019041
-0.252146
1.214579
0.613881
0.444371
0.744577
0.535475
0.721346
0.462686
0.518094
0.210224
0.858480
0.520551
0.618024
1.263062
0.500775
0.721227
0.488673
0.679980
0.585023
0.470199
0.074908
0.984933
1.060955
0.438282
1.110055
0.859527
0.691929
0.092804
0.374400
0.166743
0.988066
0.955334
0.111953
1.068287
0.784627
0.287168
1.091196
-0.063556
1.101124
0.654533
1.030384
1.003751
0.757366
1.345080
0.738991
0.777253
0.802762
0.426501
0.917405
0.909778
0.122596
0.875828
0.642884
1.006801
0.992995
0.636087
0.735910
0.119563
1.112331
1.029385
0.747137
0.331053
0.973550
0.426218
0.712671
0.672882
0.727350
0.933367
1.438868
0.808634
0.720503
0.632780
0.737496
0.310138
1.377106
1.089746
-0.005011
0.623281
0.656013
0.607987
0.788138
0.698380
0.595656
0.232929
0.134529
0.227148
0.227560
1.023175
0.360255
0.769561
0.823782
1.036308
0.343249
0.901335
0.521569
-0.095341
0.289022
0.516447
0.633185
1.248712
0.995901
0.646159
0.708392
0.478191
0.312161
0.292722
0.387103
0.742850
0.722387
0.048462
0.210122
0.749318
0.901933
0.119812
0.349954
0.716307
0.587659
0.814373
0.160105
0.816872
0.703232
0.523483
0.618423
-0.102369
0.608165
1.206555
0.873580
0.432525
0.504062
0.206879
0.387267
0.658672
0.110018
0.723749
1.210147
0.714646
0.880307
0.351944
0.314213
0.615285
0.337609
1.323362
1.587361
0.285380
-0.156740
1.058832
1.052392
0.920317
1.275845
0.289094
1.086659
0.916870
0.376886
0.548511
0.625224
0.472017
0.769157
0.726951
0.545141
0.891815
1.353845
0.689965
1.182970
0.721529
0.551649
0.056910
0.272394
0.237811
0.886154
0.587718
1.266049
-0.087219
0.810226
-0.133561
0.549307
0.413755
0.780146
0.461781
0.566893
1.423846
0.940004
0.303620
0.818256
1.007219
0.635640
0.259652
0.089234
0.390379
0.905504
0.871734
1.542778
0.647609
0.888905
0.474652
0.599618
-0.068060
0.746639
0.252013
1.378720
0.406618
0.705694
0.002644
0.153914
0.304455
0.414707
0.645258
1.067855
1.029916
0.799205
0.932329
0.705055
1.032961
0.069395
0.200810
0.282018
0.697304
0.544419
0.272192
0.864099
1.268324
0.071794
0.693715
0.166304
0.376163
0.151014
1.756009
0.666650
1.014153
1.020435
0.158348
0.646180
0.279730
0.513614
1.232665
0.225287
0.791063
1.001596
0.706543
0.499923
0.768113
0.283479
0.751701
1.400551
0.976372
0.955858
0.345415
0.470719
0.823495
0.692396
0.733719
0.771204
0.085812
1.058443
1.201544
0.895772
0.524256
0.353700
1.600888
0.778185
1.358542
0.493261
0.547168
1.413653
0.271089
0.587337
0.213483
0.860559
0.502346
0.983963
0.839772
0.282994
0.956551
0.500375
0.532643
0.684689
-0.020062
0.920039
0.156996
0.497587
0.171728
0.434874
0.987935
0.828566
0.220771
0.913803
0.711462
0.316131
0.781390
0.647387
1.047954
0.964892
0.518123
-0.100542
0.356480
0.007497
0.604877
0.208079
0.592262
0.794690
0.990764
0.876952
0.105689
1.100221
0.662894
0.673282
0.650558
1.169588
0.975942
0.332105
1.363862
0.178599
0.686965
1.240656
0.662300
0.820659
0.614069
0.901664
0.127374
0.545302
0.969764
0.221140
0.489675
0.600819
0.454824
0.818528
1.046207
0.883755
0.474445
0.998915
1.074675
1.044366
0.895710
0.590361
0.270909
0.107693
0.798585
0.394112
1.106986
0.834344
0.050535
0.571965
0.376985
0.369124
0.297730
0.323344
0.898549
0.435239
0.835787
0.817713
1.075173
0.830542
-0.010309
0.627359
0.436569
0.484594
0.888766
1.579635
0.519757
1.627426
0.751689
1.028265
0.756321
0.746561
0.650229
1.190287
0.645705
0.446681
0.702438
0.401899
0.987461
0.107803
0.410119
0.651097
0.390017
0.014638
0.457637
0.121237
0.242672
1.309170
0.337372
0.623932
0.593797
0.382238
0.707352
0.695081
1.450197
0.506267
0.836240
0.652000
-0.154916
0.228432
0.279977
0.906468
0.943366
0.646546
0.021031
0.289056
0.027251
0.516153
0.400923
0.116257
0.772470
0.201947
0.599354
0.546594
-0.221106
-0.071329
0.339572
0.936786
0.902628
0.678656
-0.039811
0.229451
0.570087
0.528009
0.795186
1.072534
0.796765
0.784594
0.651180
0.294310
1.525765
0.676046
1.350797
0.293071
0.120964
0.619953
0.433813
0.984942
0.600466
0.712659
0.418544
0.485210
0.226880
0.402038
0.991038
0.405741
0.881289
0.524688
0.792920
0.340399
0.574709
0.404306
0.667202
0.713229
0.986507
0.538722
0.690616
1.254422
1.167418
0.288724
0.625115
0.847249
0.238771
0.160214
0.475420
0.669882
0.632684
0.784944
0.570235
0.730954
0.236601
0.264944
0.165863
1.091357
0.552105
0.449607
0.972896
0.952753
0.795380
0.263336
0.662214
1.094874
0.016065
1.290971
1.216752
0.507880
0.152224
0.565095
0.580176
0.154441
0.840484
1.031867
1.034974
0.378754
0.395509
0.248509
0.832538
0.964020
0.647609
0.224394
0.168296
0.484177
0.672650
-0.176956
0.769922
0.630960
1.096177
0.885942
0.818513
0.345063
0.751451
0.299823
0.772993
0.395779
0.978993
-0.371996
1.082206
0.240541
0.458546
0.513154
0.227321
0.893280
0.688317
0.651725
1.132264
0.715551
1.043008
0.284617
0.948356
0.540323
0.767147
0.092280
0.821734
0.528727
0.822005
-0.024102
1.205924
1.133189
0.976715
0.573499
1.112168
0.268647
0.859397
0.705383
0.632697
0.715200
0.151811
0.818393
0.962934
0.752383
0.404837
1.212991
0.277379
1.192993
0.706547
0.735607
0.695274
1.132944
0.055220
0.220628
0.898154
0.365472
0.948896
1.080355
0.529947
1.283472
0.365269
0.461445
0.882034
0.706558
1.001875
0.683156
-0.010757
0.517578
0.219152
0.466449
0.666661
0.936300
0.382136
0.118044
0.771067
0.576906
1.252801
0.488827
0.043480
1.057899
0.090375
0.474303
0.415202
0.975148
-0.007384
0.997793
0.837858
0.530518
0.769195
1.260861
0.636067
0.677750
0.782985
0.790318
0.644750
1.054711
0.234818
0.385337
1.047849
-0.160450
0.433169
0.360130
0.207944
0.942093
0.988732
0.554087
0.661971
0.904507
0.659431
-0.052749
0.688139
0.586139
0.612589
0.498002
0.276923
0.902628
0.487836
0.472830
0.417345
0.490087
0.574425
0.887224
0.199975
0.281666
1.079699
0.524688
0.269170
0.833804
0.812177
0.694532
1.125616
0.151414
0.494008
0.109467
0.564125
1.205685
0.631352
1.006991
1.381653
0.728034
0.435025
0.423988
0.141037
0.510252
0.645049
0.121325
0.381575
0.960426
0.983002
0.419588
0.827478
0.901561
1.130766
1.072344
0.278364
0.128786
0.406836
-0.185807
0.138193
1.319627
0.761965
0.371108
1.361449
0.683326
0.942730
0.358513
0.614850
0.628906
0.067973
0.579283
0.295242
0.310891
0.901376
0.396943
0.946207
-0.301483
0.743903
0.862873
0.970797
0.312571
1.119527
0.952753
0.841817
0.523772
0.557533
0.931586
1.139579
1.181126
0.828200
0.464880
1.002610
0.399437
0.602283
0.740309
0.957652
0.359125
0.688051
0.515265
0.465402
0.211735
0.762416
0.840766
1.132266
0.377294
1.149474
0.344512
1.102934
0.498763
0.237734
0.320274
0.680095
0.595245
1.165409
0.845442
0.482064
0.682019
0.884941
1.123173
0.885061
1.196522
0.276816
0.916337
0.360410
0.709430
0.407609
0.834976
0.088420
0.891194
0.680407
0.157729
0.092920
0.980975
1.116460
0.696692
1.087260
-0.004445
0.025261
0.589385
1.368857
1.187332
0.654131
0.312817
1.037612
0.846844
0.572764
1.096177
-0.246198
0.682813
0.675442
0.267369
0.682073
0.256970
0.762730
1.022256
0.075149
0.114762
0.988982
0.421116
0.792011
0.299886
0.657670
0.520836
0.994844
0.830093
0.219963
0.372042
0.852528
0.035013
0.567881
0.631804
0.734443
0.724431
0.402518
0.317659
0.254383
0.227043
0.668633
0.914388
1.493426
0.354256
0.728730
0.203278
-0.018560
0.503663
0.672490
0.587628
0.577980
0.949131
0.344668
0.283578
0.971567
0.959700
0.359939
0.084459
0.900406
1.185324
0.521384
1.011197
0.902783
0.451724
-0.119337
0.999517
0.957817
0.369319
-0.104690
1.751981
0.577194
0.804558
0.135363
1.248813
0.489567
1.524660
0.152569
0.532720
0.659121
0.523422
0.543528
0.385345
0.664734
-0.206666
1.312893
0.692681
1.305493
0.888239
0.817974
0.958946
0.409228
1.056240
0.766436
0.721269
0.681509
1.148409
0.577236
0.625015
0.707939
0.716130
0.178982
1.138577
0.985071
0.716586
0.467167
0.470072
0.964791
0.427277
0.675297
0.920521
0.405482
0.014498
0.698864
1.286432
0.206846
0.181986
0.407989
0.840269
0.755164
0.919412
1.226471
0.873730
0.664020
0.656817
0.772000
0.935221
0.257308
0.585080
0.323343
0.096457
0.789457
1.168254
1.169243
0.266312
0.477744
0.997674
0.436104
0.498636
1.076166
1.109664
0.785572
0.951387
0.694013
0.997513
0.597365
0.658947
0.943827
0.511297
0.336493
0.622066
0.793660
1.069531
0.490465
0.886795
0.858379
1.023789
0.330007
0.825968
1.172084
0.962513
0.325536
-0.097995
0.250719
0.402986
0.848097
0.823240
1.337457
0.022008
0.939790
0.331927
0.667715
0.750815
0.813635
0.631424
0.846146
1.311657
0.464339
0.839150
0.599428
0.760783
0.987320
0.530485
0.864969
1.467643
1.108769
0.551906
0.937259
0.196798
0.306890
1.105939
0.221581
0.326215
0.768990
0.925510
1.116535
0.969011
0.950886
0.414551
0.506942
0.408227
0.140905
0.827136
0.394907
0.856125
0.625224
0.846769
0.730448
0.507999
0.851720
0.072080
0.643367
1.184999
1.023125
0.593874
1.056502
0.617906
0.919483
1.084044
0.662817
0.618612
0.602025
0.719223
0.271989
0.458970
0.207818
0.629454
0.682611
0.884023
0.341683
0.135645
0.247624
-0.070564
0.591761
0.520077
0.622243
0.356434
0.530991
0.491489
0.238116
0.500357
0.639531
0.994565
0.147859
1.196342
1.127889
0.821308
0.058200
0.397658
0.472739
0.563278
0.779301
0.349783
0.930693
0.924145
0.928507
0.950439
0.859417
1.010950
0.023450
0.734522
0.703044
0.962724
0.840651
0.941637
0.245148
1.136701
0.405874
0.904053
0.495997
0.478183
0.601825
0.257190
0.855622
1.379183
0.478033
0.659342
0.732498
0.891913
1.196136
-0.135795
0.177559
0.549398
0.385603
0.629400
0.581179
0.256908
0.636964
0.899837
0.941517
0.965953
0.235951
0.051759
0.417216
1.077530
0.770488
0.012210
0.655884
0.161078
0.640785
0.302407
-0.459076
1.142594
0.627702
1.187332
1.137697
0.684097
0.301359
0.335587
1.258991
0.798416
0.621343
0.559526
1.232062
0.283167
0.931030
-0.404656
0.619155
1.514259
0.598917
1.289943
1.319455
0.732611
0.923988
0.618182
0.203630
0.428169
-0.047120
0.587727
0.644828
0.554624
0.648915
1.039198
0.278675
-0.066153
-0.016464
0.939894
0.399216
0.407466
0.545759
-0.061796
0.302490
0.465429
0.483559
0.574425
0.467070
0.608446
0.888128
1.118049
0.574391
0.529011
0.775686
0.957904
0.920729
0.823807
1.105072
0.436359
0.506805
0.212810
0.572182
0.844026
0.688874
1.064413
0.915472
0.472111
1.705974
0.840136
0.629181
0.532989
0.250803
0.580193
0.922146
0.743123
0.731064
0.979980
0.571861
1.107228
0.546309
-0.170058
0.621099
1.329149
0.868513
0.360526
1.158767
1.129594
0.658235
0.914743
0.069254
0.635602
0.521159
0.822944
0.168792
0.590505
0.912289
0.561046
0.445331
1.011535
1.019188
1.269346
0.716332
0.585079
0.347052
-0.191911
0.635445
0.526807
0.574227
0.701072
0.785704
0.746039
0.926551
0.802412
0.455150
0.561028
0.858315
1.018308
-0.021286
0.668594
0.877368
0.857662
0.794252
0.317738
0.831633
0.427201
1.170809
0.551530
0.926551
0.860923
1.180114
0.489746
1.078257
0.543423
0.920288
1.069858
-0.252675
0.767793
-0.103924
0.779395
-0.095616
0.655049
0.531653
0.863436
1.002352
1.399494
1.013278
0.804381
0.918929
0.372856
0.844026
0.871076
0.452011
0.989049
1.157547
0.811692
-0.183465
0.638770
0.300037
0.956423
0.496157
0.247899
0.744314
1.129387
0.969311
0.728697
0.026162
0.614320
1.257862
0.864872
0.680611
0.933422
-0.345576
0.128363
0.761972
0.446713
0.417906
1.098188
-0.207304
1.112380
1.084406
0.153010
1.039017
1.056015
1.172851
0.129905
0.770335
0.772507
0.553564
0.854603
0.520672
0.211148
0.388628
1.006668
0.658822
0.947710
1.476535
0.358467
0.169369
0.771396
1.038349
0.093534
0.651180
0.845653
0.681569
0.986174
0.925923
0.418230
0.891036
0.829890
0.426460
0.296830
0.514663
0.143282
0.329780
0.185466
0.990335
1.081212
0.775485
0.509308
0.628279
0.523813
0.092804
1.064657
0.747251
0.790118
0.483960
1.595617
0.918413
0.475869
0.924962
0.626084
1.171556
0.420525
0.657538
0.215970
1.316524
0.787713
0.393113
0.034364
0.285123
0.920886
0.607816
0.144038
0.955869
0.891333
0.563650
-0.092217
0.165439
0.931649
0.153853
0.609189
0.800626
0.618506
0.553992
0.458498
0.587622
0.645363
-0.050958
0.186474
0.507753
0.196988
0.759038
0.223070
-0.140328
0.425897
0.354968
0.928229
0.863695
0.237701
1.144351
0.610613
0.682880
0.134387
0.923607
0.073228
0.513977
0.591731
0.402440
0.687712
1.219107
0.728009
0.524676
-0.069405
0.114067
0.798893
0.626369
0.334064
0.823432
0.173041
0.781684
0.262257
0.242175
0.817033
0.540080
0.482948
0.680847
0.795868
1.017990
0.326722
0.816603
0.269906
0.318360
0.481170
0.566268
0.065322
0.814935
0.752782
1.163337
0.199980
0.165024
1.099783
0.751159
0.597908
0.839740
0.513813
1.193689
0.454348
0.751052
0.371542
0.508462
0.481473
0.706543
0.349179
0.708379
0.492729
0.021868
0.318029
1.473698
0.557581
0.466261
1.019270
0.727068
0.096637
1.408158
0.422299
1.100041
0.727199
1.154418
1.542624
0.198780
0.690339
0.841519
0.563861
0.127404
1.136822
0.438559
1.323233
0.584336
0.201030
0.872197
0.805625
0.742462
0.649192
0.935633
0.813298
0.736258
0.693087
0.903419
0.049373
1.052166
0.020978
0.924145
0.740112
0.782331
0.013023
0.907964
0.427514
1.085377
0.961623
0.191848
0.253314
