0.633541
1.038782
0.757827
0.415345
0.946770
0.591043
0.629289
0.686571
0.476600
0.790766
0.833667
0.405415
0.370777
0.855591
0.696247
0.673266
0.274618
1.006717
0.443711
0.119578
0.800888
0.405891
0.447809
0.672788
0.828727
0.297020
0.651127
0.720000
0.532308
0.163837
0.199215
0.372502
0.622262
0.273820
1.102384
0.724808
0.798776
0.904729
0.668242
0.357540
0.659639
0.792409
0.821859
0.749551
0.041771
0.328824
0.575396
0.552553
0.700636
0.515408
0.552601
0.799674
0.467541
0.782455
0.922882
0.648082
0.825339
0.342479
0.499660
0.591313
0.705625
0.396452
0.606489
0.799003
0.336631
0.674216
0.850459
0.421013
0.695746
0.487421
0.608613
0.637370
0.725395
0.697917
0.417390
0.212789
1.285566
0.555214
0.358493
0.245746
0.540454
0.657366
0.485741
0.511308
0.831189
0.790198
0.847686
0.766701
0.429929
0.729071
0.913200
0.920508
0.324806
0.948026
0.650575
0.814760
0.518513
0.473747
0.309314
1.006700
0.204847
0.848263
-0.070876
0.794197
0.540634
0.679815
1.004415
0.761958
0.645593
1.001102
0.571366
0.691061
0.797694
0.615331
0.895959
0.652000
0.732682
0.940436
0.273608
0.601933
0.629202
0.548314
0.769967
0.520346
0.554950
0.693824
0.570797
0.301706
0.554236
0.790314
0.701532
0.418731
0.839331
0.994877
0.489054
0.616943
0.390885
0.751081
0.850807
0.356547
0.540870
0.404645
1.272420
0.516252
0.895506
0.524258
0.818130
0.427783
0.641110
0.593819
0.836837
0.739791
0.391023
0.437558
0.245747
-0.036789
0.745394
0.567420
0.899053
0.821336
0.889184
0.101107
0.816099
0.368246
0.755566
0.837462
0.333344
0.901351
0.354106
0.988599
0.759299
0.930160
0.170883
1.067230
0.809623
0.834488
0.492435
0.450118
0.578349
0.596553
0.748529
0.350870
0.966449
0.567479
0.978441
0.729553
0.595925
0.756162
0.501808
0.639654
0.717102
0.494986
0.610363
0.648128
0.530608
0.330942
0.991903
0.746994
0.538130
0.607516
0.715668
0.859256
0.992940
0.551566
0.217048
0.466035
0.181605
0.535973
0.447944
0.281589
0.063490
0.816531
0.649555
0.337860
0.439423
0.266986
0.764713
0.460847
0.625796
0.727160
0.453399
0.876021
0.212821
0.910528
0.707053
0.714050
0.789807
0.819253
0.615491
0.253583
0.627049
1.288208
0.514160
0.690993
0.731978
0.515471
0.177653
0.838048
0.749502
1.186525
0.617151
0.572152
0.187091
0.967722
0.704267
0.407091
0.818870
0.438414
0.440847
0.977337
0.014707
0.512016
0.715000
0.898902
1.011610
0.411234
0.908945
0.798369
0.639493
0.565787
0.905012
0.689092
0.261783
0.214662
0.989589
0.681679
0.734364
0.602241
0.705563
0.664781
1.065188
0.129470
0.765053
0.470003
0.725187
0.816474
0.530726
0.672417
0.337491
0.653399
0.548887
0.505024
0.713734
0.949747
1.086136
0.786180
0.771228
0.342155
0.450710
0.493244
0.372838
0.429367
0.310673
0.627564
0.792952
0.655743
0.463580
0.544899
0.588600
1.003125
0.897302
0.624921
0.986789
0.703680
0.757351
0.319719
0.701257
0.708697
0.308841
0.407440
0.663046
0.571687
0.870324
0.358811
0.538058
0.407860
0.515509
0.362043
0.632847
0.761212
0.641529
0.460751
-0.193634
0.714682
0.685578
0.577066
0.432938
0.818722
0.796929
0.519464
0.235654
0.889859
0.666942
0.934871
0.747812
0.742149
0.786917
0.537007
-0.147481
0.690894
0.602747
0.961404
0.777271
0.260340
0.861081
0.764162
0.798566
1.139877
0.696736
0.726023
0.501904
0.632355
0.788151
0.123628
0.586834
0.628439
0.957485
0.456829
0.651962
0.861276
0.267267
1.144306
0.879877
0.093884
0.382660
0.225970
0.670661
0.611846
0.178922
0.822132
0.716880
0.469378
0.420230
0.747024
0.306949
1.040477
0.550516
1.165163
0.517570
0.487535
0.599292
0.631958
0.705035
1.019309
1.090864
0.539610
0.761367
0.865331
0.878717
0.089444
0.304465
0.718841
0.223118
0.807101
0.887037
0.610283
0.687709
0.514580
0.515020
0.487645
0.367348
0.554140
0.710454
0.436874
0.346014
0.550699
0.662385
0.790370
0.995747
1.127066
0.638512
0.464319
0.425739
0.480300
0.088035
0.906963
0.572346
0.734860
0.251169
0.425094
0.295415
0.739680
1.025279
0.569539
0.497401
0.734622
0.467706
0.787548
0.712550
0.210594
0.819436
0.770528
0.642976
0.148580
0.575851
0.346160
0.473293
0.484516
0.728467
0.658652
0.521669
0.317274
0.829705
0.510604
0.555230
-0.073783
0.425244
0.479960
0.648029
0.665816
0.828256
0.167777
0.754652
0.311627
0.636825
0.314890
0.690296
0.724318
0.582653
0.590459
0.628738
0.524043
0.805342
0.381763
0.566515
1.041498
0.477991
0.380749
0.578045
0.465602
0.718140
0.587277
0.617270
0.569988
0.148728
0.671914
0.576422
0.922990
0.010257
0.880096
0.274021
1.109877
0.352555
0.559663
0.732464
0.860457
0.621092
0.529451
0.918274
0.149538
0.828748
0.722733
0.714400
0.669327
0.404153
0.523141
0.710689
0.451406
0.753504
0.861757
0.652466
0.791677
0.325196
0.710516
0.602782
-0.096337
0.486437
0.977702
0.851431
0.518143
0.607808
0.934402
0.510988
0.985003
0.221288
0.810822
0.445607
0.470291
0.493475
0.509987
0.677120
0.689123
0.904417
0.585592
0.758732
0.371207
0.708128
0.591717
0.331879
0.295087
0.703069
0.416106
0.140109
1.310151
0.654473
0.077553
0.106490
1.021042
0.333554
0.645468
0.374679
0.633244
0.424263
0.595541
0.635902
0.629495
0.820661
0.373429
0.349751
0.337835
0.420331
0.516608
0.664283
0.954295
0.738977
1.001764
0.443032
0.412006
0.774415
0.361706
0.514013
0.784919
0.548643
0.342971
0.383656
0.861864
0.561996
1.096149
1.024730
0.426171
0.766431
0.711090
0.290249
0.586351
1.021319
0.290805
0.796126
0.541203
0.698824
0.800599
0.520462
0.500651
0.531758
0.453422
0.934505
0.878742
0.685019
0.816832
0.453427
0.828292
0.978722
0.854563
0.818074
0.874257
0.201921
0.449066
0.790279
0.447868
0.514912
0.453631
0.249617
0.143446
0.463859
0.463906
0.400875
0.750223
0.080775
0.263016
0.443728
0.319624
0.724760
0.604489
0.428014
0.434622
0.676552
0.991734
0.790932
0.084774
0.965125
0.503392
0.926102
0.694769
0.965663
0.214689
0.495974
0.990903
0.683398
0.444456
0.346348
0.837775
0.825775
0.615424
0.697462
0.537001
0.279656
0.641814
0.339402
0.862435
0.324671
0.662239
0.759098
0.413429
0.624798
0.855138
0.579207
0.460487
0.686839
0.570277
0.503169
0.405711
0.727827
0.570985
0.986256
0.587585
0.652115
1.013780
0.343043
0.475405
0.782531
0.743244
0.444966
0.408423
1.066820
0.636914
0.813095
0.498344
0.688114
0.974844
0.545257
0.572111
0.413492
0.604543
0.757107
0.400212
0.621231
0.820893
0.727993
0.293248
0.352138
0.775831
0.300237
0.301984
0.681280
0.806929
0.431999
0.377606
0.315149
1.424211
0.808920
1.130197
0.477804
0.117447
0.645616
0.545459
0.540690
0.748740
0.556961
0.683910
0.573039
0.806585
0.667840
0.333227
0.597966
0.971571
0.626355
0.442040
0.482892
0.692249
0.522171
0.885889
0.948648
0.491805
-0.046809
0.973489
0.650193
0.928282
0.936968
0.321426
0.641623
0.695295
0.405977
0.371971
0.592865
0.345472
0.651609
0.587562
0.348450
0.694456
0.550293
0.505092
0.667890
0.554631
0.177965
1.337950
0.934183
0.320842
0.545165
0.574371
0.604928
0.693874
-0.111320
0.664081
0.707203
0.764148
0.505808
0.905206
0.780241
0.626266
1.233569
0.770314
0.827463
0.872416
0.542363
0.173764
0.100290
0.589554
0.470200
0.279532
0.371356
0.645563
0.571213
1.003257
-0.007738
0.516143
0.817806
0.665838
0.775858
0.801868
0.648515
0.287114
0.802516
0.391001
0.752165
0.544204
0.565981
0.445026
0.197830
0.680569
0.617200
0.267800
1.384439
0.258497
0.934900
0.818119
0.700156
0.937515
0.629753
0.619945
0.685638
0.458088
1.039474
0.645480
0.821507
0.575719
0.536617
0.401283
0.601823
0.673284
0.241826
0.535844
0.901060
0.701442
0.287372
0.952434
0.795029
-0.268899
0.583483
0.495902
0.094448
0.605872
0.707627
0.312970
0.420480
0.663474
0.847010
0.845003
1.056820
0.589117
0.916676
0.875703
0.468584
1.088256
0.369159
-0.176098
0.750193
0.619311
1.337028
1.035582
0.835627
0.646257
0.979751
0.389648
0.490684
1.142210
0.887061
0.776690
0.459980
0.511130
0.699776
0.875244
0.889394
0.861601
0.675824
0.238518
0.630647
0.682413
0.988743
0.588614
1.031674
0.549844
0.834214
0.863033
0.158647
0.627405
0.693316
0.907425
0.350798
1.139982
0.686532
0.627160
0.681228
0.378097
0.530913
0.516752
0.510047
0.675095
0.787583
0.788440
0.655761
0.513495
0.478546
0.324379
1.118066
0.331741
0.556645
1.108336
0.544598
0.611262
0.376868
0.544484
0.147151
0.819510
0.250014
0.440492
0.691737
0.549990
1.033045
0.611849
0.432365
0.608227
0.955638
0.715325
0.544462
0.415022
0.724538
0.590904
0.631145
0.734772
0.768826
0.992889
0.077384
0.254875
0.682741
0.623737
0.619728
0.674456
0.642614
0.731502
0.511871
0.861157
0.709113
0.643054
0.722963
0.255479
0.687284
1.036935
0.943087
0.453238
0.397184
0.672144
0.851051
1.039616
1.161318
0.951254
0.664935
0.331944
0.375198
0.732855
0.895327
0.167507
0.708613
0.671566
0.369444
0.762784
0.533370
0.649213
0.558022
0.672734
0.281549
0.385917
0.184430
0.639237
0.637939
0.932265
0.784436
0.504563
1.013484
0.722814
0.553902
1.108264
0.360278
0.528285
0.786312
0.593428
1.063925
0.607904
0.792620
0.590257
0.690052
0.716936
0.525012
0.987031
0.899812
0.768465
0.781851
0.603332
1.055739
0.654869
0.331776
0.323388
0.707184
0.552461
0.375054
0.667733
0.521688
0.462276
0.544707
0.740360
0.636790
0.885179
0.147225
1.460452
0.793392
0.688385
0.382913
0.501471
0.484129
0.014728
0.908375
0.795182
0.723256
0.639081
0.244193
0.675468
0.517113
0.499005
0.327569
0.332168
0.700375
0.549415
0.217802
0.728807
0.738548
0.155841
0.913154
0.670047
0.495597
0.925458
0.178970
0.599089
0.425021
0.546004
0.824702
0.604591
0.511530
0.401950
0.816388
0.930917
0.587097
0.929533
0.604953
0.183173
0.794189
0.401468
0.288818
1.013898
1.013015
0.344363
0.588239
0.378789
1.164491
0.854406
0.258468
0.855013
0.538884
0.699732
1.039251
0.326262
0.454009
1.461775
0.342063
1.013303
0.672312
0.642333
0.613415
0.304410
1.030560
0.455751
0.231520
1.026060
1.063994
0.200740
1.149953
0.635407
0.729329
0.444978
0.523284
0.706404
0.298401
0.331422
0.559881
1.264424
0.625769
0.635253
0.417040
0.754560
0.679557
0.770729
0.699970
0.526589
0.583651
0.448230
0.845021
0.786121
0.803114
0.562184
1.082319
0.462067
0.478946
0.337127
0.666500
0.656940
0.500347
0.601898
0.525852
0.416302
0.697985
0.496221
0.581668
0.423438
0.607562
0.447497
0.764315
0.856290
0.503971
0.550108
0.145858
0.934097
0.762823
0.735202
1.068766
0.493799
0.320943
0.537510
0.680540
1.108507
0.697565
0.858016
0.772631
0.257812
1.048875
0.394544
0.277875
0.731154
0.910263
0.427852
0.680681
0.431199
0.624807
0.831624
0.921739
0.841436
0.415035
0.630894
0.712430
0.869633
0.978616
0.419974
0.943242
0.329229
0.402456
0.540759
0.452209
0.296120
0.911591
0.747128
0.586199
0.534371
0.322704
0.762856
0.194031
0.436834
0.376050
0.782856
0.840996
0.388978
0.522748
0.492960
1.206587
0.368564
0.299357
0.389470
0.902187
0.592540
0.866832
0.431348
0.387483
1.029344
1.022302
0.543843
0.459158
0.550589
0.229101
0.989028
0.563654
0.662047
0.401994
0.476876
0.560494
0.182174
0.699447
0.932190
1.211281
0.519196
0.599874
0.262202
0.803804
0.459652
0.407831
0.563558
0.608663
0.122875
0.804245
0.817572
0.680638
0.310773
1.410264
0.886873
0.180073
0.623502
0.190117
0.886800
1.160047
0.559401
0.473781
0.524848
1.011117
0.671943
0.636765
0.741484
0.543066
0.775657
0.435952
0.708078
0.958196
0.765339
0.750837
0.523043
0.501564
0.377718
1.013226
0.167506
0.788821
0.674258
0.300814
0.614576
0.443826
0.417210
0.761534
0.352067
0.833738
0.788539
0.450887
0.613523
0.237760
0.327448
0.974332
0.642078
0.684987
0.725456
0.734148
0.780446
0.782755
0.855570
0.778489
0.564170
0.494724
0.770164
0.319524
0.336247
0.384593
0.468795
0.237609
0.389198
0.583866
0.715378
0.617132
0.477637
0.649742
0.409780
0.633325
0.679815
0.216844
0.751440
0.520478
1.015807
0.746363
0.906777
0.286946
0.735025
0.783073
0.392616
0.299088
0.650272
1.170325
0.950902
0.583697
0.928110
0.593353
0.427226
0.390489
0.386655
0.934695
0.462243
1.084255
0.413394
0.652476
0.307227
0.706068
0.752552
0.584505
0.519469
0.826635
0.666789
0.878019
0.664036
0.428708
0.685498
0.594466
1.101708
0.712170
0.508687
0.548401
0.449024
0.630955
0.595480
0.536153
0.577153
0.561141
0.332726
0.680107
0.770151
0.859423
0.328706
0.473192
0.281967
1.073375
0.294121
1.014971
0.858875
0.599769
0.551925
0.083377
0.585691
0.729779
0.783239
0.279586
0.815844
0.845969
0.651669
0.381026
0.327926
1.040957
0.770074
0.660018
0.416988
0.629380
0.948658
0.523268
0.491141
1.048493
0.406896
1.182227
0.732982
0.630203
0.092879
0.501226
0.503144
0.360563
0.848762
0.081737
0.237571
0.631619
0.640174
0.670372
0.520131
0.234622
0.679868
0.748283
0.879326
0.571587
0.799031
0.526673
0.482583
0.727277
0.075396
0.458828
0.944955
0.560810
0.527398
0.808187
0.846217
0.449797
0.519124
0.673085
0.781723
0.738324
0.508185
0.863808
0.007680
0.768150
0.895779
0.244518
0.620719
0.913079
0.574952
0.372210
0.885921
0.687302
0.905463
0.358398
0.628289
0.853958
0.855171
0.343340
-0.070934
0.722617
1.064382
0.123166
0.794072
1.282629
0.568198
0.650617
0.564168
0.679136
0.807006
0.551297
0.341998
0.568371
0.660850
0.402394
0.785078
0.424817
0.974400
0.083823
0.660656
0.752320
0.439707
0.646696
0.725120
0.769460
1.035339
0.407901
0.300562
0.976134
0.627204
0.501480
0.248310
1.110063
0.532630
0.943670
0.498839
0.174891
0.676395
0.446213
0.764438
0.243330
0.626590
0.193352
0.192878
0.390381
0.646030
0.933308
0.545011
0.402324
1.172776
0.633295
0.802033
0.497080
0.395554
0.524433
0.606636
0.730805
0.362308
0.269495
1.011605
0.474885
0.727895
0.493871
0.459564
0.607615
0.648764
0.613033
0.516831
0.644643
0.931622
0.426648
0.714483
0.609213
0.501121
0.832456
1.086753
0.573536
0.709523
0.453677
0.648241
0.590953
-0.095954
0.127614
0.718179
0.780906
0.205510
0.824906
0.646668
0.867413
0.712519
1.056847
0.468347
0.681697
0.003987
0.776308
0.320340
0.493703
0.402567
0.587524
0.384299
0.450210
1.356387
0.588971
0.705197
0.575930
0.556096
0.676165
0.426459
0.681930
0.405245
0.161838
0.412161
0.661324
0.923563
0.507583
0.491651
0.745643
0.911960
0.838417
0.750660
0.453847
0.454874
1.027945
0.595361
0.828670
0.735230
0.521451
0.835221
0.293776
0.484076
0.538055
0.714203
0.785080
0.518102
0.524248
0.744299
0.246128
0.694286
0.064438
0.287265
0.452094
0.767077
0.796826
0.778712
0.446573
1.324107
0.684442
0.900515
0.329469
0.648543
0.515420
0.665000
1.005539
0.322318
0.706969
0.766765
0.509737
0.711877
0.531841
0.473870
0.404861
0.916627
0.920630
0.693581
0.420424
0.601310
0.809625
0.842648
0.682793
0.547563
0.640956
1.178525
0.334139
0.625126
0.780948
0.392392
0.907079
0.033057
0.593847
0.397167
0.409307
0.885040
0.047331
1.181148
0.484694
0.632752
0.318189
0.847478
0.901974
0.491606
0.875633
0.717308
0.409714
0.614283
0.315569
0.455652
0.521305
0.646381
0.188060
0.615983
1.289000
0.592631
0.637261
0.420191
0.939081
0.582260
0.844321
0.786450
0.787821
0.519124
0.726721
0.990515
0.499811
0.636022
0.834324
1.078356
0.747724
0.403619
0.667974
0.626504
0.439558
0.955530
0.380264
0.777478
0.344970
0.759578
-0.126992
0.576644
0.500192
0.527173
0.838717
0.764458
0.021877
0.672179
0.452314
0.739329
0.181920
0.704668
0.647660
0.634094
0.775142
0.830342
0.675187
0.653864
0.430073
1.112391
0.454514
0.273350
0.571077
0.695245
0.598651
1.074286
0.389306
0.611959
0.805342
0.550745
0.623763
0.530029
0.759271
0.485560
0.648173
0.859779
1.071613
0.582039
0.736987
0.991582
0.973732
0.383825
0.385932
1.139138
0.726824
0.934423
0.632364
0.448154
0.763021
0.324115
0.528872
0.409048
0.410832
0.419015
0.583106
0.665374
0.801115
0.620949
0.393329
0.372146
0.502042
0.197542
0.502552
0.840897
0.684018
0.337354
0.788735
0.673720
0.667319
0.664595
0.874893
0.083897
0.881118
0.322310
0.540467
0.910404
0.442527
0.545511
0.445978
0.744336
0.536409
0.981161
0.483775
0.528764
1.089663
0.701591
0.812030
0.817339
0.790606
0.674120
0.115182
0.719407
0.723297
0.622396
1.025923
0.390332
-0.104071
0.843243
0.904040
0.186529
0.881127
0.383102
0.506418
0.303281
0.807741
0.692655
0.682203
0.977751
0.646583
0.776387
0.527364
0.503304
0.440808
0.704190
0.932018
0.347323
0.536051
0.476133
0.669890
0.168394
0.339350
0.207601
0.515448
0.722485
0.370657
0.683363
0.831401
0.681423
0.924243
0.660953
1.260218
-0.041775
0.479684
1.069741
0.104347
0.621926
0.803645
0.579856
0.642515
0.656632
0.737452
0.730060
0.393643
0.599527
0.683904
0.907645
0.851666
0.822804
0.693041
0.697358
0.860061
0.442628
0.733551
0.606156
0.655327
1.048559
0.852373
0.849914
1.186356
0.711600
0.300265
0.390318
0.823022
0.610450
0.602876
0.561370
0.196168
0.517042
0.809200
0.786539
0.315513
0.876533
0.777083
0.942286
0.652819
1.112318
0.680421
0.787875
0.555202
1.274367
0.890504
0.428889
0.591423
0.957214
0.976724
0.213354
-0.023186
0.688945
1.123738
0.336726
0.781996
0.362263
0.273531
0.740124
0.574371
0.863648
0.984073
0.549825
0.495099
0.503603
0.220035
1.004451
0.028129
0.680555
0.566018
1.084417
0.969635
0.711611
0.772478
0.694502
0.406398
0.515986
0.162204
0.261627
0.103040
0.590651
0.802112
0.710105
0.508801
0.671212
1.127217
1.315640
0.805852
-0.052898
0.571653
0.324650
0.325188
1.065943
1.246833
0.708436
0.678474
0.670912
0.930010
0.851424
0.468824
0.910185
0.384008
0.660075
0.438053
0.483976
0.812248
0.627104
0.385092
0.132571
0.200310
0.852028
0.528456
0.924887
0.574860
0.516691
0.638288
0.904954
0.718882
0.831107
0.453280
0.882153
0.354257
0.412104
0.263829
1.102331
0.538332
0.762168
0.137277
0.335667
0.759408
1.036767
0.702347
0.131852
0.912543
0.648147
1.038011
0.689683
0.551520
0.396263
0.136881
0.469223
0.549268
0.060398
0.825872
0.850822
0.462486
0.494131
0.511028
0.763737
1.386187
0.600041
0.469532
0.612750
0.825832
0.840236
0.600931
0.537450
0.687240
1.023790
0.613350
0.477424
0.914653
0.783340
1.073010
0.897961
0.897987
0.719006
0.647310
0.775889
1.143075
0.457894
0.657066
0.178089
0.630577
0.760052
0.365130
0.418788
0.719759
1.060076
0.643378
0.432274
0.737854
0.352130
0.875872
1.028222
0.336249
0.880063
0.854810
0.649284
0.541667
0.614502
0.362900
0.139573
0.527173
0.091443
1.272611
0.575930
0.654318
0.464915
1.281076
0.068488
0.865197
0.449957
0.230940
0.570183
0.469551
0.598386
0.354414
0.881651
0.839420
0.643824
0.517177
0.527909
0.811561
0.680679
1.014827
0.762405
0.539219
0.890065
0.154089
0.220228
0.739064
0.685433
0.970231
0.528793
-0.121350
0.442013
0.664820
1.089672
0.734484
0.957591
1.093569
0.520981
0.461987
0.216084
0.961292
1.207877
0.279236
0.742985
0.446947
0.470047
0.205467
0.116731
0.231725
0.636870
0.613525
0.644903
0.350324
0.657064
0.534222
0.397609
0.847447
-0.014042
0.720475
0.588312
0.699980
0.681437
0.493396
0.664642
1.009800
1.069444
0.697756
0.418291
0.899859
0.140456
0.349668
0.171958
0.811733
1.126118
0.503992
0.473983
0.082248
0.582155
0.738252
0.824895
0.946932
0.351366
0.670929
0.504858
0.335418
0.496589
0.705777
1.201020
0.642828
0.408495
0.422709
0.406867
0.067565
0.429704
0.611959
0.735393
0.920670
1.127989
0.677203
0.307914
0.970887
-0.113455
1.013333
0.571512
0.839583
0.668530
0.564170
0.618090
0.223045
0.927314
0.667504
0.708187
0.259970
0.765046
0.673266
0.680357
0.709273
0.788576
0.492133
0.247914
0.538469
0.551268
-0.405202
0.432526
0.908924
0.880936
0.294804
0.772040
0.782901
0.472852
0.412811
0.027497
0.475402
1.308350
0.451381
0.456340
0.748509
0.550414
0.170309
0.602640
0.389322
1.060731
0.104305
0.568510
0.323722
1.371305
0.511982
0.474180
0.595547
0.181435
0.310518
0.803126
0.090426
0.343592
0.292443
0.732150
0.655225
0.733817
0.469248
0.578834
0.385744
0.831107
0.233387
0.631474
0.370974
0.671149
0.437981
0.771640
0.567293
0.661667
0.656032
0.500897
0.406523
0.857911
0.614751
1.053514
0.342401
0.900898
0.832411
0.516885
0.624557
0.775623
0.664359
0.196077
0.509290
0.527059
0.679526
0.789999
0.927237
0.674681
0.688691
0.632862
0.472390
0.829878
0.146719
0.167822
0.264874
0.605539
1.020620
0.660577
0.410836
0.574941
0.780869
0.717229
0.526123
0.330519
0.808345
0.216997
0.424576
0.720631
0.229588
0.877693
0.379452
0.527543
0.332050
0.629997
0.628014
1.007707
0.642418
0.703413
0.662990
0.201879
0.379645
0.850038
0.854218
0.673530
0.760472
0.655298
0.535864
0.440340
0.874000
0.407612
0.500693
0.192580
0.654876
0.701499
0.357714
0.748510
0.393502
1.184296
0.648369
0.471334
0.611849
0.652238
0.450510
0.431483
0.721373
0.613588
0.474957
0.473385
0.422987
0.632513
0.832653
0.300774
0.539733
0.902646
0.677058
0.299699
0.363642
0.394178
0.227048
0.931811
0.559538
0.590480
0.822564
0.773937
0.693313
1.158909
0.546785
0.636178
0.561231
0.603730
0.801208
0.940833
0.516257
0.679401
0.395598
0.162010
0.133625
0.510408
1.091381
0.528519
0.429330
0.911587
0.673510
1.092755
0.523860
0.758217
0.537335
0.743248
0.254875
0.385089
0.561758
0.083342
0.309543
0.587537
0.390822
0.749290
0.685465
0.301977
0.852643
0.719936
0.687355
0.936789
0.896508
0.382123
0.528729
0.451952
0.297328
0.551396
0.682389
0.217668
0.018454
0.530971
0.702786
0.741310
0.839634
0.921345
0.615805
1.133703
0.822744
0.922937
0.370599
0.378951
0.444439
0.335325
0.781571
0.717660
1.102225
0.819232
0.801403
0.551324
0.397418
0.554818
0.072050
0.691027
0.356938
0.204291
0.512802
0.587346
0.436035
0.815987
0.561556
0.684545
0.492215
1.099132
0.711864
0.267266
0.793699
0.386964
0.354712
0.093901
0.536233
0.288519
0.357668
0.620292
1.229469
0.744545
0.399667
1.144723
0.570721
0.402386
1.040325
0.694732
0.743774
0.389158
0.332347
0.792018
0.641253
0.795168
0.929009
0.758564
0.325725
0.750051
0.615252
0.467333
0.703978
0.387528
0.865690
0.410755
0.442000
0.792854
0.349606
0.618393
0.466539
1.022700
0.765702
0.266588
0.093868
0.969467
0.608495
0.649470
0.729976
-0.277575
0.801307
0.397401
0.664781
0.442595
0.762355
0.751440
0.287247
0.621556
0.747938
0.444946
0.544960
0.647776
0.960328
0.790267
0.947309
0.702707
0.698942
0.823272
0.343647
0.848396
0.704558
0.443935
0.529661
0.453359
0.737754
0.725399
0.714076
0.620841
0.725432
0.985596
0.858238
0.941734
1.286638
0.942558
0.462523
0.665895
0.965493
0.908752
0.363783
0.446009
0.390634
1.229985
0.756347
0.562193
0.398246
0.574878
0.205529
0.644714
0.433187
0.446828
1.031408
0.374110
0.835701
0.568009
0.792659
0.117126
0.395694
0.191036
0.488163
0.751623
0.710738
0.705829
0.582946
0.328249
0.560962
0.860575
1.246505
0.585892
0.899277
0.476316
0.250320
0.782382
0.482981
0.806389
0.852744
0.409647
0.667547
0.670833
1.088410
0.314017
0.784133
0.972908
0.609361
0.562497
0.395925
0.432984
0.360709
0.898486
0.925784
0.475813
0.806335
0.326769
0.743244
0.488437
0.638714
0.447310
0.803663
1.127206
0.882592
0.353052
0.613830
0.057808
0.568556
0.838898
0.652446
0.886024
0.848456
0.721760
1.009380
0.639635
0.644500
0.707433
0.415795
0.961861
0.549123
0.453796
0.479356
0.825370
1.155475
0.697022
0.189607
1.015590
0.475849
0.674227
0.576714
0.471852
1.011479
0.923596
0.194286
0.511202
0.773050
0.499431
0.221689
0.583697
0.873606
0.792293
0.794528
0.900251
0.803113
0.502399
0.320378
0.725312
0.218524
1.050242
0.690172
0.529681
0.972132
0.781030
0.760988
0.668367
0.797972
0.972286
0.912856
0.807904
0.629644
0.175954
0.506443
0.574188
0.653087
0.760203
0.256288
0.593211
0.436346
0.269213
0.943733
0.465732
0.310808
0.688963
1.059921
0.786020
0.570122
0.799561
0.968775
0.554077
0.424224
1.090306
0.255817
0.657796
0.702133
0.267212
0.441364
0.421559
0.753814
0.636870
0.555341
-0.194283
0.696006
0.130055
0.305148
0.715001
0.385932
1.230122
0.451281
1.042102
0.633325
0.926249
0.706455
0.904572
0.719357
0.733678
0.165438
0.918693
1.044230
0.658268
0.101493
0.359263
0.750329
0.527218
0.784982
0.468104
0.529173
0.903627
0.699875
0.874530
0.507848
1.003309
0.735640
0.417997
1.104586
1.005877
0.393643
0.401417
0.872707
0.821975
0.535018
0.856714
0.462617
0.794334
1.284963
0.250543
0.469346
0.725796
0.187891
0.715276
0.878040
0.647259
0.402927
0.885604
0.590331
0.667845
0.294220
0.925508
0.688954
0.231486
0.063072
0.456477
0.572536
0.622130
0.745415
0.812919
0.493136
0.578648
0.121345
0.593165
1.012002
0.328135
0.491875
0.770245
0.627368
0.384021
0.531186
0.662528
0.727964
0.808445
1.071199
1.362010
0.505650
0.799611
0.684624
0.693950
0.582073
0.962827
0.849232
0.560510
0.772936
0.577941
0.975158
0.521017
0.478945
1.008688
0.651371
0.687479
0.525979
0.325771
0.637695
1.209716
0.309587
0.818530
0.912863
0.442805
0.275403
0.578201
1.168092
0.243135
0.807376
0.069623
0.283945
0.799363
0.150424
0.941699
0.665983
1.019271
0.710032
0.468272
0.904997
0.566707
0.652825
0.520771
0.833055
0.565394
0.718152
0.227051
0.311086
0.554806
0.787087
0.894733
0.452130
0.400698
0.337992
0.651448
0.710390
0.907895
0.824983
0.580201
0.387404
1.216471
0.329145
0.475680
0.621829
0.475943
0.704848
0.076779
0.665542
0.430165
0.439760
0.690237
0.615410
0.754976
0.375432
0.357215
0.399320
0.804308
0.413705
0.668677
0.611384
0.840508
0.543282
0.794699
1.133473
0.764969
0.924213
0.671550
0.029213
0.258919
0.498671
0.624873
1.000788
0.581199
0.433756
0.509885
0.488848
0.815164
0.753910
0.165158
0.582664
0.649008
0.728980
0.306001
0.673274
0.485707
0.401237
0.858503
0.550280
0.898251
0.673852
0.465104
0.528049
0.843898
0.322851
0.290783
0.296447
0.591761
0.691976
0.885076
0.668077
0.549421
0.555338
0.463217
0.587494
0.895463
0.650211
1.004982
0.500827
0.578258
0.609457
0.596394
0.832787
1.135463
1.279270
1.020003
0.746428
0.512167
0.524768
0.003150
0.533925
0.365309
0.939524
0.585621
0.159917
0.588500
0.783920
0.034265
0.850803
0.158564
0.379511
0.580956
0.310444
0.129999
0.339781
0.902664
0.369353
0.260708
0.650379
0.818722
0.468807
0.843237
0.727017
1.170935
0.538588
1.008355
0.480618
0.065350
0.763406
0.108421
0.276943
0.602254
0.364658
0.397715
0.536359
-0.092831
0.297993
0.900320
0.481996
0.787408
0.583778
0.707092
0.775689
0.575111
1.068188
1.030510
0.471539
0.769488
0.576389
0.696029
0.227394
0.769797
0.977525
0.464304
0.678588
0.800636
0.654717
0.218488
0.449179
0.310916
0.754220
0.779956
0.550924
0.542774
0.804648
0.228212
0.766854
0.465732
-0.070222
1.247260
0.673885
0.709113
0.806024
0.585128
0.574056
0.513291
1.153872
0.601293
0.435382
0.001122
0.808971
0.661152
0.715165
0.289749
1.071909
0.737162
0.999836
0.570710
0.867969
0.432587
1.005657
0.876114
0.719759
-0.018588
0.465039
0.586422
1.004376
0.249457
0.565533
0.812731
1.008837
0.700711
0.962506
0.364193
0.494286
0.496044
0.659136
0.423579
1.103447
0.334698
1.038380
1.244181
0.253439
0.687181
1.128148
0.411796
0.524617
0.557983
0.853255
1.115272
0.308340
0.430783
0.834692
0.602339
0.423502
0.330497
0.602851
0.473699
0.695228
0.353750
0.931974
0.653853
0.644172
0.812203
0.250065
0.528032
0.393643
0.647310
1.121168
0.546572
0.783372
1.058138
0.729362
0.443858
0.626845
0.757147
1.030631
0.545591
0.700301
0.714753
0.658991
0.790621
1.063453
0.451358
0.581516
0.324553
0.607292
0.686625
0.682769
0.732816
1.068192
0.842666
0.975166
0.668219
0.701345
0.568014
0.408495
0.555484
0.976252
0.604097
0.320111
0.711458
1.253301
0.566118
0.912543
0.765564
0.447428
0.755434
0.693874
0.884491
0.765249
0.530357
0.685006
0.997034
0.996727
0.739757
0.658697
0.608114
0.680223
0.368995
0.582451
0.188893
0.554564
0.755222
0.589896
0.578291
1.008350
0.401852
0.696498
1.117738
0.282799
0.595850
0.612536
0.548842
0.627667
0.817110
0.944192
0.881127
0.321489
0.904108
0.482525
0.740094
0.731139
0.829249
0.546393
0.517972
0.515018
0.591522
0.530110
0.720206
0.454125
0.206013
0.705181
0.571614
0.511380
0.406157
0.429573
0.865044
0.221241
0.798786
0.509562
0.750697
0.591996
0.484874
0.429035
0.872447
0.605555
0.375777
0.454246
0.556608
0.795754
0.538588
0.384829
0.224294
0.306931
0.716352
0.814096
0.339136
0.771486
0.592382
0.390666
0.226655
0.659643
0.719677
0.622426
0.815239
0.364961
0.481023
0.601869
0.856469
0.817713
0.535273
0.811152
0.784576
0.514037
0.436901
0.564783
0.378287
1.188801
0.701126
0.748396
0.621035
0.802062
0.856301
0.133384
0.718689
0.350945
0.544087
0.462138
0.787783
0.554235
1.041522
0.468974
0.541865
0.211892
1.022536
0.455287
1.008305
0.878675
0.662784
0.765279
0.640354
0.582344
0.209277
0.109867
0.503076
0.585205
0.602602
0.532112
0.500061
0.799912
0.962773
0.483788
0.858310
1.131510
0.430066
0.271087
0.012860
0.979936
0.508180
0.422790
0.151456
0.722489
1.056408
0.653212
0.835185
0.596967
0.852699
1.038167
0.818427
0.415398
0.431830
0.849723
-0.283024
0.726633
0.500520
0.742486
0.749901
0.821014
0.542664
0.309543
0.549073
0.625564
0.386421
0.509109
0.410433
0.711210
0.792226
0.310808
0.465972
1.075743
0.247469
0.945901
0.809285
1.131563
1.043631
0.947280
0.750982
0.581003
1.074542
0.633983
0.228977
0.386009
1.042155
0.785050
0.012400
0.503675
0.419695
0.571554
0.110539
0.433724
0.807135
0.581508
0.208454
0.681359
0.670372
1.051744
0.741240
0.325823
0.920526
0.450559
0.663376
0.468813
0.656924
0.760138
0.813401
0.735869
0.597539
0.854933
0.300015
0.289778
1.018552
0.613312
0.914124
0.697995
0.855375
0.637969
0.720897
0.516851
0.589387
0.460347
0.344575
0.339807
0.807118
-0.044268
1.001294
1.068055
0.194092
1.794948
0.498017
0.893860
0.821829
0.862428
0.631753
0.600853
0.179788
0.642659
0.927794
-0.044987
0.444413
0.770108
0.805966
0.529143
0.718064
0.607616
0.468022
0.798594
0.574717
0.848265
0.663345
1.225978
0.522215
0.200802
0.446798
0.603712
0.600039
0.603400
0.995930
0.473082
0.750804
0.826527
0.248232
0.800655
0.135291
0.065346
0.733914
0.560903
0.846867
0.285677
0.843962
0.459731
0.410674
0.884966
0.697874
0.911340
0.744925
0.874526
0.242286
0.569806
0.753230
0.746844
0.700559
0.686266
0.905573
0.171314
0.470684
0.174222
0.656924
0.648905
0.693111
0.811601
0.915948
0.699561
0.796319
0.239539
0.583500
0.160170
0.572676
0.459809
0.944679
0.423736
0.445417
0.332760
0.647203
0.953144
0.589267
0.573701
0.443150
0.608227
1.024812
0.549041
0.991308
0.697768
0.544942
0.490399
0.175163
0.649547
0.193756
0.650564
0.637906
0.608141
0.144936
0.649252
0.761726
1.263250
0.813371
1.525800
0.670737
0.909477
0.623468
0.393169
0.828292
1.162587
0.173256
0.278003
0.812919
0.654068
0.402260
0.769964
0.417145
1.133040
0.949231
0.758951
0.363392
0.851765
0.510894
0.627077
0.346476
0.538425
0.386986
0.812880
0.687824
0.808218
0.592628
0.463386
0.489012
0.786300
0.455793
0.616941
0.835534
0.531607
1.002165
0.341362
0.622979
0.358215
0.529484
0.734937
0.544628
0.724101
0.623761
0.280316
0.661601
0.717300
0.688742
0.293650
0.567988
0.609007
0.421286
1.000816
0.267471
-0.293736
0.583931
1.326290
0.969713
0.329272
0.482301
0.307266
0.844201
1.128825
-0.037042
0.522286
0.654443
0.851972
0.368235
0.678998
0.681757
0.924965
0.459479
1.212102
0.981914
1.402009
1.118331
0.450896
0.621495
0.678247
0.871492
0.778802
0.374322
0.687785
0.643441
0.563591
0.719202
0.665012
0.303102
0.848938
0.547893
0.670663
0.747902
0.702639
0.596365
0.597343
0.687544
1.143102
1.242950
0.743855
0.579298
0.719566
0.738685
0.082273
0.982830
0.591118
0.782039
1.193741
0.729558
0.442322
0.628781
0.491374
0.670937
0.810529
0.188735
1.109760
0.666322
0.773836
0.051178
0.568272
0.621665
0.981454
0.827504
0.963192
1.037714
0.755507
0.272484
0.783252
0.749839
0.349490
0.382512
0.776859
0.170355
0.879790
0.343314
0.770611
0.471758
0.715218
0.667918
0.251899
0.734008
0.697115
0.882040
-0.034061
0.367778
0.683984
0.475313
0.662032
0.450760
0.836049
0.459450
0.625744
0.469883
0.642682
0.640318
0.472520
0.846225
0.548672
0.833454
0.480098
0.398129
0.882985
0.410668
0.110650
0.239830
0.662529
0.241477
0.550610
0.978000
0.316622
0.753404
0.570300
0.700856
0.605020
0.573749
1.190040
0.581587
0.750341
1.082196
0.696118
0.420168
0.652146
0.845237
0.600406
0.664725
1.046927
0.702237
0.363278
0.561721
0.642659
0.443954
0.581472
0.511461
0.633544
0.101498
0.549199
0.778458
0.378078
0.412027
0.451952
0.334135
0.605515
0.830665
0.524085
0.678611
0.832273
0.762376
0.474759
0.435254
0.547523
0.413604
0.797464
0.716019
0.790255
0.776067
0.508121
0.702536
0.504897
0.290445
0.465764
0.778308
1.225256
0.636636
1.035293
0.858250
0.394646
0.701203
0.519539
0.662412
0.734033
0.597940
0.402826
1.131189
0.661333
0.631208
0.493403
0.672402
0.536995
0.647776
0.408772
0.783971
0.788338
0.741954
0.495807
0.452484
0.416374
0.838898
0.550213
0.219488
0.494255
0.449822
0.728413
0.497202
0.987995
0.622928
0.843064
0.593543
0.551350
0.316758
0.272415
0.337217
0.874371
0.444399
0.311631
1.379302
0.770819
0.326321
0.846582
0.665544
0.435474
0.024637
0.511951
0.426305
0.592628
0.685126
0.319575
0.415678
0.549618
0.570923
0.815777
0.580741
0.603083
0.565945
0.269078
-0.030376
0.772230
0.693867
1.293607
0.729518
1.442383
0.878193
0.729070
0.436408
0.727644
0.845572
0.599549
0.698122
0.907347
0.738304
0.819510
0.714167
0.966530
0.835584
0.414774
0.776285
-0.115077
0.377640
0.736208
0.634379
0.356324
0.447079
0.450696
0.393339
0.621728
0.302015
0.584023
0.729678
0.546176
0.781495
0.304810
0.562405
0.814241
0.698243
0.463310
0.562155
0.584224
0.932505
0.781439
1.040430
0.837904
0.227143
0.507867
0.718436
0.432882
0.505804
0.714465
0.428142
0.917911
0.759121
0.596323
0.408205
0.757681
0.514787
0.741297
1.200381
0.436070
0.955566
0.710662
0.638487
0.612661
0.922325
0.881473
0.923757
0.838773
0.524431
1.027422
0.357330
0.253568
0.925607
1.060885
0.443772
0.730303
0.954632
0.558908
0.449066
0.614801
0.595996
0.326434
0.696150
0.326374
0.555539
0.900217
0.301886
0.844302
0.793368
0.629292
0.654005
0.249731
0.637197
0.548311
0.666814
0.596258
0.673342
0.496857
0.613974
1.071607
0.752242
0.345262
0.509389
0.928368
0.741221
0.602798
0.481558
0.824292
1.003727
0.315557
0.409387
0.819748
0.526768
0.554576
0.550987
0.331640
0.905296
0.804813
0.322213
1.040884
0.863361
0.607751
0.554903
0.734137
0.354632
0.500851
0.447739
0.479159
0.521386
0.415777
0.626961
0.895327
0.775637
0.640176
0.924898
0.681140
0.376179
0.408745
0.501651
0.783073
0.643256
0.742560
0.955496
0.604979
0.879675
0.256782
0.983013
0.819253
0.785545
0.995362
0.511634
0.194276
0.568427
0.730031
0.417040
0.853895
0.739332
0.812283
0.568380
0.468696
0.591175
0.668677
-0.011491
0.648574
0.886206
0.453197
0.895708
0.567005
0.285067
0.268995
0.481642
0.869285
0.992543
0.161314
0.591268
1.152977
0.582911
0.531658
0.789110
0.697008
0.741954
0.588122
0.681697
0.475358
0.936144
0.468221
0.741630
0.384841
0.421716
0.467413
0.847623
0.761958
1.143503
0.633244
0.632707
0.885533
0.988537
0.220906
0.598160
0.580936
0.393267
0.042749
0.352931
0.632243
0.862723
0.640679
0.301289
0.448669
0.464643
0.346444
0.808321
0.945057
0.970117
0.818249
0.857691
1.121673
0.284502
0.283745
0.470152
1.131351
0.480412
0.471676
1.142167
0.487069
0.650617
0.563544
0.605854
0.588994
0.445525
0.427375
0.613415
0.276625
0.641492
0.759276
1.033255
0.256376
0.403969
0.630815
0.470981
0.651965
0.482720
0.911871
0.755793
0.424308
-0.043522
0.788973
0.454982
0.668925
0.619070
0.918747
0.227079
0.863361
0.434146
0.681423
0.434136
0.832116
0.857588
0.583638
0.992251
0.498994
0.787241
0.914943
0.680291
0.766533
0.056866
0.449216
0.725987
0.952120
0.516366
0.773316
0.847290
0.336908
0.105863
0.889695
0.970118
0.735508
0.429468
0.649889
0.536222
-0.084997
0.701776
0.773045
0.123921
0.231378
0.918305
0.361401
0.819791
0.365126
0.565297
0.812418
0.535561
0.105540
0.589242
0.676254
1.045086
0.925373
0.764494
0.218220
0.998879
0.350360
0.559059
0.411186
1.105827
0.637107
0.671614
0.134777
0.887124
0.720433
0.375156
0.985141
0.633652
0.567622
0.467833
0.469041
0.462463
0.438432
0.449979
0.307466
0.658092
0.705605
0.554654
0.183768
0.274909
0.880075
0.577662
0.263653
0.509300
0.305330
0.902250
0.435215
0.569374
0.381722
0.727549
0.794883
0.012840
0.542745
0.625344
0.748691
0.498939
0.801168
0.337059
0.959136
0.703215
0.614706
0.722759
0.875660
0.228564
0.461914
0.389780
0.560194
0.574099
0.495703
0.516916
0.482794
0.587363
0.748568
0.325728
0.633843
0.537051
0.797654
1.038397
0.510676
0.733312
1.196929
0.822191
0.247358
0.313035
0.416095
0.723738
1.137726
0.534500
0.865803
0.386680
0.338702
0.885915
0.544050
0.785049
0.465641
1.100178
0.375785
0.702686
0.250135
0.557864
0.392879
0.456826
0.167881
0.413272
0.903398
0.569636
0.486828
0.483761
0.469846
0.569201
0.574236
0.710390
0.394214
0.848576
-0.084912
0.592081
0.771119
0.742584
0.728974
0.914830
0.782885
0.602742
0.508831
0.165143
0.449952
0.770108
0.287716
0.331260
0.630026
0.421999
0.383078
0.564771
0.587753
1.090903
0.471876
0.974548
0.694098
0.803107
0.428091
0.790744
0.361635
0.574870
0.663943
0.779061
0.775623
0.937228
0.455985
0.981548
0.224075
0.722327
0.449199
0.557452
0.999116
0.478500
0.931090
0.336200
0.632834
0.690026
1.274836
0.761212
0.410827
0.872785
0.748063
0.512320
0.434158
0.802483
1.108240
1.047115
0.321903
0.154358
0.227502
0.838426
1.187894
0.499981
0.410449
0.561231
0.624775
0.476605
0.310319
0.926953
0.579390
0.770902
0.562011
0.489596
0.513695
0.657896
0.636169
0.506338
0.698893
0.587089
0.913891
0.882211
1.049345
0.983975
0.657728
0.627080
0.730303
0.831240
0.342748
0.872460
0.412453
0.265612
0.951818
0.588117
0.285293
0.416788
0.482113
1.212199
0.817250
0.567737
0.628527
0.589705
0.181210
0.558693
0.507972
0.768582
0.340842
1.097734
1.102457
0.624285
0.361635
0.378777
0.608438
0.728280
0.869881
0.795794
0.383723
0.497430
0.646065
0.888364
0.453360
0.468697
0.649613
0.707427
0.747396
0.958601
0.853258
0.801380
1.044901
0.393433
0.403652
0.573607
0.389315
0.421286
0.556496
1.022800
-0.020541
0.587176
0.656213
0.640478
0.592375
0.586872
0.467518
0.791462
1.128392
0.327870
0.205353
0.293494
0.632742
0.508313
0.806788
0.580801
0.302888
0.725121
0.617972
1.440014
0.729292
0.582296
0.851814
0.444368
0.357330
0.653845
0.692796
1.075815
0.369879
1.054950
0.578029
0.560821
1.114421
1.006119
0.244898
0.429108
0.598229
0.705919
0.833426
0.570441
0.625376
0.505940
0.292811
0.836526
0.800513
0.406154
0.957483
0.580135
1.172839
0.528231
0.589321
0.729224
0.504906
0.722641
0.318462
0.299591
0.398234
0.752865
0.607830
0.916344
0.606856
0.262648
0.682868
0.687905
0.469059
0.438191
1.111477
0.971359
0.519399
0.579326
0.782438
1.162595
0.783073
0.524256
0.753571
1.226650
0.268788
0.196031
0.765363
0.141303
0.625427
0.339397
0.850445
0.492223
0.407156
0.648660
0.429291
0.353167
0.601293
0.756804
0.800352
0.697592
0.649471
0.719966
0.474521
0.477866
0.604273
0.403311
0.752255
1.182324
0.512069
0.729966
0.010606
0.698893
0.759746
0.260458
0.291878
0.841533
0.339200
0.922900
0.908624
0.261536
0.594103
0.673619
0.724012
0.671356
0.889583
0.327128
1.026076
0.417820
0.514231
0.365317
0.876051
0.423861
0.346594
0.814822
0.994910
0.372421
0.421491
0.223784
0.744852
0.736151
0.266609
0.369235
0.679705
0.827082
0.789818
0.595788
0.506292
1.437560
0.912710
0.715821
0.291970
0.731610
0.814199
0.723956
0.134811
0.681749
0.555898
0.978141
0.548350
0.514092
0.942372
1.015075
0.462602
0.576470
0.750973
0.427699
0.789987
0.428927
-0.034800
0.671172
0.492423
0.430242
0.440620
0.665847
0.525479
0.593115
0.418171
0.047685
0.719533
0.447712
0.511768
1.127069
0.171562
0.348252
0.755335
0.806077
0.733253
0.968343
0.566150
0.828715
-0.063439
0.298907
0.906736
0.821693
0.695028
0.599223
1.172653
0.905058
0.469059
0.476277
0.527450
0.423640
0.812920
0.247567
0.439510
0.635022
0.449747
0.689526
0.690461
0.545022
0.340860
0.624333
-0.023601
0.724523
1.106666
0.825587
1.152031
0.871009
0.737710
0.853492
0.346531
1.014790
0.731178
0.872830
0.414320
0.634863
0.721241
0.746971
0.927706
0.786644
0.537679
0.226769
0.516175
0.631537
0.968034
0.587885
0.529794
0.902374
0.959746
0.493084
0.574288
0.587174
0.837842
0.735628
0.757022
0.798446
0.753272
0.772918
0.538952
0.907592
0.770459
0.713306
0.172334
0.781205
0.716066
0.737507
0.690512
0.400381
0.642599
0.653370
0.405052
0.806663
0.765046
0.861056
0.625437
0.982217
0.749004
0.797345
0.883346
0.512426
0.633680
0.790582
0.533284
0.540559
0.677021
0.362673
0.624313
0.777827
0.602497
0.516261
0.991664
0.185479
0.498418
0.314746
0.844654
0.482351
0.881391
0.164886
0.675858
0.612536
0.483495
1.466277
0.469248
0.328722
0.786590
0.864413
0.394280
0.367049
0.279039
0.222643
0.393804
0.430646
0.328534
0.571945
0.491637
0.659168
0.736925
0.092604
0.956634
0.541286
0.565287
0.377595
0.671026
0.286610
1.017199
0.611838
0.824471
0.640229
0.576080
0.931718
0.615052
0.617142
0.354993
0.819694
0.184178
0.323162
0.173584
0.839117
0.314017
0.616390
0.337244
0.726918
0.101024
0.320474
0.103825
0.940708
0.795464
0.787625
0.413892
0.735865
0.744925
0.371318
0.624891
0.751271
0.683893
0.647944
0.713712
0.919714
0.678331
0.633438
0.569374
1.465164
0.304649
0.113850
0.654656
0.820156
0.586624
0.585989
0.381535
0.621645
0.654670
0.581276
0.539761
0.653087
0.653576
0.748926
0.564751
0.275168
0.374347
0.873295
1.019491
0.659022
0.923596
1.178941
0.443888
0.568957
0.975754
0.372392
0.365855
0.876664
0.548026
0.728205
0.944746
1.079308
0.335191
0.783854
0.329477
1.140538
0.886795
1.231695
0.589182
0.858343
0.766543
0.658834
0.536828
0.846465
0.291235
0.032561
0.957380
0.403493
0.908366
0.637042
0.926515
0.487029
0.657580
0.369292
0.408697
0.336299
0.535565
0.789829
0.864647
0.915250
0.416893
0.758144
0.658197
0.431273
0.347184
0.649393
0.458088
0.332387
1.117101
0.531349
0.440961
0.536660
0.407873
0.482671
0.444967
0.313894
0.611853
1.076617
0.520892
0.601224
0.339072
0.409032
0.349384
0.439196
0.616036
0.236330
0.612383
0.638874
0.738467
0.391925
0.634562
0.524623
0.625032
0.732845
0.581131
0.647379
1.249501
0.144986
0.685705
0.190793
0.597633
0.504788
-0.095686
0.635695
0.708115
0.693259
0.716611
0.399786
0.664918
0.426117
-0.068001
0.116177
0.463454
0.583236
0.804763
0.561276
0.672830
0.141823
0.216131
0.907026
0.495666
1.020569
0.806568
0.623762
0.914063
0.580667
0.645235
0.691820
0.389654
0.988025
0.499209
0.370887
0.432938
0.491374
0.365145
-0.227732
0.876699
0.548807
0.454874
0.280987
0.390237
0.890956
0.750522
0.871947
0.652733
0.853451
0.792890
0.365511
0.836452
0.667238
0.365487
0.979946
1.112350
0.802511
0.691823
0.999113
0.597286
0.853628
0.791875
0.664172
0.530468
0.113800
0.862726
0.266405
0.653706
0.710692
0.519589
0.832933
0.134377
0.848168
0.440620
1.065823
0.874404
0.345652
0.843438
0.316292
0.880668
1.075821
0.664524
0.536995
0.683339
0.786027
0.825341
0.431602
0.671374
0.649245
1.361329
0.453770
0.470066
0.956887
1.079411
0.429046
0.704848
0.543278
0.767995
0.604905
0.761303
1.421473
0.786613
0.509844
0.546991
0.504274
0.605650
0.075610
0.419970
0.495503
0.588317
1.168880
0.802042
0.859154
0.899425
0.649470
0.761446
0.335848
0.954616
0.722195
0.896652
0.763209
1.122939
0.578569
0.950786
0.590238
0.506674
0.598046
0.498000
0.872824
1.060252
0.654391
0.996097
1.146370
0.833529
0.447712
0.443787
0.458626
0.808722
0.732810
0.358897
1.008479
0.687200
0.294375
0.383613
0.484115
0.563649
0.642614
0.617383
1.021077
0.343508
0.364109
1.291691
0.428730
0.536089
0.662623
0.278688
0.623769
0.437431
1.042106
0.879475
0.763737
1.027232
0.539235
0.694211
0.759579
0.642896
1.075332
-0.188071
0.648082
0.731711
0.883432
0.969274
0.062431
1.085287
0.531095
1.356143
0.844616
0.726458
0.479031
0.390271
1.045280
0.569342
0.531426
0.359358
0.394264
0.744579
0.282367
1.249168
0.710952
0.458890
-0.125256
0.076965
0.370452
0.997542
0.620195
0.771661
0.882998
0.762112
0.301238
0.501292
0.038908
0.099115
0.627118
0.815758
0.915833
0.909406
0.866380
0.431661
0.305792
0.288927
1.076269
0.205507
0.029688
0.435097
0.224835
0.543856
0.557676
0.498989
0.677151
1.014728
0.579929
0.746300
0.789823
0.494942
0.892073
0.455237
0.397401
0.625817
0.764239
1.134845
0.380526
0.558700
0.220662
0.860852
0.308428
0.620690
0.631322
0.330136
0.918876
0.550388
0.380035
1.251197
1.054186
0.910918
0.656949
0.430089
-0.260401
0.785856
0.734582
1.037487
0.707335
0.474778
0.698070
0.788218
1.057940
0.896268
0.856042
0.784570
0.529820
1.020330
0.199990
0.479894
0.819527
0.834099
0.780498
0.450357
0.999795
1.041549
0.678153
0.469614
0.752785
1.119988
0.822688
0.767692
1.063050
0.764201
0.229638
0.550985
0.595242
0.270112
0.639145
0.590780
0.831010
0.599569
0.849002
0.675566
0.477189
0.842677
0.925412
0.364056
0.825879
0.431170
0.623766
0.656157
0.921619
0.593071
0.687545
0.644605
0.555460
0.896537
0.633353
0.831696
0.804606
0.905988
0.559446
0.442127
0.802164
0.034543
0.332575
0.891845
0.691538
0.463737
0.678926
0.822529
0.795123
0.232124
0.613437
0.761604
0.199928
0.937535
0.640446
0.530853
-0.070443
0.387332
0.103753
0.709281
0.822809
0.523705
0.080559
0.314045
0.903348
0.317595
0.300608
0.370090
0.660904
-0.499368
0.693377
0.668068
0.389405
0.637834
0.569837
0.848280
0.498911
0.671082
0.243519
1.044989
0.544214
0.944213
0.847146
0.844763
0.453250
1.336097
0.870545
0.664340
0.872228
0.432823
0.455389
1.057715
0.454429
0.572838
0.449580
0.261158
0.859642
0.781893
1.056453
1.099865
0.645419
0.702087
1.006082
0.458659
0.434674
0.549560
0.787657
0.393889
0.323961
0.937023
1.046323
0.644919
0.618261
0.076465
0.594794
0.507867
1.045605
-0.052817
0.699902
0.148858
0.545400
0.449580
0.314766
0.628014
0.708777
0.507713
0.619907
0.815304
0.679115
0.567269
0.451883
0.537822
0.550251
0.720301
0.680457
0.710270
0.661192
0.474278
0.448829
0.535964
0.949919
0.553426
-0.011923
0.703872
0.526318
0.698332
1.427881
1.153555
0.534995
0.707956
0.924111
0.654458
0.727912
0.650115
0.639449
0.095384
0.930446
1.128894
0.284936
0.970333
0.636845
0.457752
0.670025
0.582863
0.610455
0.899180
0.787524
0.783681
0.921627
0.559931
0.618144
0.945637
0.360140
0.886808
1.246428
0.880192
0.196389
0.685934
0.680452
0.631922
0.517300
0.653321
0.476953
0.825699
0.640119
0.976960
0.592319
0.629590
0.296698
0.481770
0.792344
0.506981
0.740250
0.950601
0.865863
0.461924
0.242773
0.542223
0.858431
0.390208
0.862985
0.088346
0.647612
1.005093
0.450357
0.824652
0.569681
0.356480
0.822587
0.706992
0.461550
1.175884
0.620470
0.141642
0.475968
0.809658
0.802574
0.562505
0.578045
0.781138
0.267099
1.067602
0.849324
0.663417
0.740897
0.518962
0.564164
1.154620
0.556096
0.832618
0.309267
0.490379
0.709907
0.737229
0.275108
0.364069
0.428316
0.654891
0.643304
0.683285
0.671555
0.637975
1.040884
1.059454
0.843749
0.458686
0.579211
0.537410
0.336612
0.280923
0.461025
0.555041
1.208098
0.007337
0.173625
0.808163
0.598648
0.754976
1.137328
-0.305252
0.229741
0.469161
0.656077
0.838121
0.203840
0.680059
0.994152
0.307043
1.138066
0.436116
0.431702
0.879925
0.065422
0.764592
1.351611
0.747981
0.373585
0.715415
0.880973
0.482186
0.279443
0.723299
1.095971
0.346650
0.761668
0.416374
0.047847
0.587596
0.481347
0.588971
0.173557
0.943200
0.657467
0.783960
0.285675
0.028900
-0.108749
0.978515
0.268669
0.601621
0.262332
0.175617
1.025947
0.438233
-0.155636
1.036790
1.075329
0.544925
0.846260
0.848427
0.685606
0.792635
0.902061
0.840625
0.829114
0.722909
0.458613
0.253676
0.285857
0.770875
0.874519
0.617557
0.451376
0.401472
0.506024
0.780797
0.399925
0.953928
0.845332
0.609576
0.783165
0.611397
0.691723
1.154738
0.697246
0.429474
0.820079
0.646486
0.357828
0.703315
0.354732
0.660945
0.248284
0.708481
0.979071
0.325139
0.265345
1.014045
0.601787
0.212869
0.712127
0.776834
0.239475
0.851866
0.531824
0.368412
0.908632
0.670257
0.303630
1.176251
0.341776
0.410972
0.459730
0.453156
0.624650
0.569157
0.224348
0.819718
1.050784
0.343809
0.527839
0.243194
0.565013
0.092149
1.250160
0.859154
0.200241
0.699958
0.258126
0.464113
0.609565
0.837848
0.605448
0.681021
0.070954
0.362050
0.387696
0.637111
1.003236
1.081232
0.950030
0.554656
0.623502
0.990446
0.457703
0.403264
0.783355
0.921499
1.230502
0.646125
0.640325
0.575360
0.420666
0.423444
0.531661
0.449534
0.842476
-0.106836
0.602451
0.435411
0.281470
0.853091
0.544541
0.553828
0.653713
0.606268
0.715594
0.517504
0.847235
0.621199
0.508430
0.568910
0.491539
0.367932
0.903944
0.824858
0.468362
0.983130
0.648873
0.711559
0.446047
0.692362
0.929781
0.372123
0.826314
0.520113
0.746019
0.660430
0.883596
0.862100
1.191765
0.759408
0.490766
0.525647
0.289241
0.574609
0.273393
0.685039
0.974793
0.680728
0.639023
0.226789
0.376613
0.480331
0.746008
0.636937
0.816531
0.518957
0.810251
0.524437
0.659645
0.847902
0.717476
1.275060
0.750810
0.269885
0.580172
0.566854
0.763987
0.404681
0.516927
0.463524
0.798933
1.100552
0.684717
0.643460
0.756186
0.863797
0.694349
0.916021
1.009404
0.333203
0.516374
0.740832
0.499775
0.315418
0.682095
0.407612
0.961004
0.408205
0.626828
0.879784
0.948802
0.779408
0.862159
0.341545
0.161046
0.957974
0.495569
0.364069
0.488767
1.079492
0.577855
0.503977
0.788329
0.831821
0.891401
0.188690
0.157978
0.617076
1.099577
1.228608
0.918193
0.627140
0.588961
1.001789
1.009748
0.693243
0.542495
0.332638
0.447513
0.647644
0.632366
0.512645
0.947984
0.716132
0.148204
0.307091
0.503971
0.841073
1.078598
1.089788
0.726177
0.696556
0.868996
0.597785
0.510992
0.703773
0.833184
0.713011
0.648065
0.744290
1.072675
0.610647
0.713446
0.624365
0.689908
0.138620
0.951071
0.628317
0.245075
0.559375
0.595993
0.575274
1.069239
0.512080
0.441655
0.490418
0.611387
0.902153
0.872416
0.427705
0.760272
0.644685
0.464650
0.249810
0.755351
0.568510
1.434499
0.601866
0.268774
0.760428
1.027702
0.467721
0.339200
0.392485
0.467892
0.491637
0.700715
0.268174
0.717411
0.406457
0.521382
0.909287
1.027135
0.691254
0.607445
0.006519
0.593806
0.876805
0.854378
0.889871
0.337057
0.769666
0.817209
0.432277
0.963910
0.446870
1.055080
0.481521
0.238837
0.577222
0.748881
0.002537
0.592023
0.413992
0.610264
0.315710
0.698477
0.567116
0.200210
0.783392
0.368953
0.608368
0.561475
0.810543
0.583480
0.728710
0.561343
0.928138
0.465104
0.032827
0.339023
0.729606
0.622513
0.545567
0.751723
0.714038
0.953676
0.597916
0.791855
0.105112
0.943224
0.846983
0.647717
0.649470
0.748745
0.699287
0.578381
0.344321
0.218340
0.584832
0.726035
0.204116
0.887823
0.681821
0.729471
0.243629
0.727547
0.410669
0.373409
0.610885
0.272753
0.376020
0.661500
0.452971
0.650964
0.465460
0.809746
0.537421
0.957132
0.505278
1.111477
0.513480
0.928181
0.678126
0.660300
0.382990
0.461835
0.722000
0.610687
0.431864
0.641093
0.302071
0.727392
0.828309
0.732614
0.754931
0.265903
1.107075
1.255520
0.580450
1.213755
0.534809
0.778128
0.714123
0.464304
0.914720
0.682341
0.424742
0.829152
0.807082
0.107323
0.667576
0.347660
0.606432
0.737420
0.154375
0.633526
0.756328
0.780741
1.063050
0.946615
0.375802
0.491785
0.357517
0.422340
0.991565
0.764860
0.884799
0.650594
0.646668
0.684748
0.574851
0.794312
0.852960
0.489231
0.183048
0.212195
0.821829
0.318038
0.543133
1.125361
0.368917
0.375751
0.134729
1.047350
0.621769
0.867621
0.721574
0.357931
0.574417
0.207771
0.777207
0.614569
0.438549
0.749423
0.876772
0.715415
0.632526
0.567895
0.573039
0.562528
0.536736
0.873958
1.095531
0.373975
0.869213
0.648667
0.495004
0.406318
0.619727
0.861848
0.834700
0.525956
1.027537
0.572047
0.473509
0.613450
0.266493
0.395069
0.881811
0.516175
0.977258
0.404325
0.991417
1.171299
0.855206
0.793568
0.809252
0.751230
0.827365
0.631907
0.936346
0.269774
0.348048
0.729041
1.301366
-0.071088
1.411704
0.665374
0.075823
0.653545
0.854549
0.350731
0.304339
1.075558
0.647993
1.168749
0.495823
0.434136
0.329389
0.282723
0.835305
0.275167
0.460173
0.520304
0.593036
0.618551
0.703807
0.378502
0.435276
0.593969
0.951972
0.695930
0.579954
0.769221
0.219633
0.831521
0.834914
0.546671
0.301597
0.753182
1.027661
0.617329
0.155373
0.385400
0.640917
0.493425
0.584717
0.464381
0.677191
0.472774
0.905659
0.786328
0.619194
0.386831
0.246533
0.756415
0.298975
0.811354
0.818504
0.528152
0.631504
0.514333
0.341694
0.240221
0.131371
0.864826
0.978252
0.692842
0.666974
0.339089
0.512818
0.294921
0.357624
0.289911
0.568624
0.596821
0.781199
0.083140
0.838995
0.555984
0.817806
0.027190
0.361896
0.428927
0.473858
0.670912
0.237916
0.616888
0.830089
0.338447
0.688677
0.558469
-0.156023
0.625078
0.766655
0.472224
0.727018
0.531703
0.679199
0.586066
0.609981
0.453231
0.736977
0.440710
0.438727
0.472848
0.926240
0.683389
0.784262
1.022740
0.234425
0.508569
0.714108
0.558460
0.443840
-0.007388
0.539906
0.669047
0.768825
0.701072
0.648015
0.402234
0.798179
0.170042
0.329875
0.361304
0.771934
0.667263
0.827762
0.364639
0.773045
0.178784
0.179001
0.383083
0.966530
0.666662
1.028802
0.550443
0.354446
0.526719
0.706945
0.657167
0.310031
1.050953
0.991452
0.459114
0.466993
1.033474
0.922320
0.871305
0.754108
0.418477
0.205487
0.314863
0.972691
0.330659
0.262536
0.565400
0.636421
0.463473
0.314429
0.714838
0.541308
0.586132
0.496547
0.710234
0.406862
0.890573
0.139964
0.860992
0.711611
0.763029
0.545315
1.135830
0.548204
0.594512
0.502541
0.816571
0.519135
0.420418
0.474932
0.273274
1.067919
0.156690
0.537678
0.910663
0.355825
0.851308
0.975283
0.703604
0.553434
1.133563
0.655278
0.540204
0.510472
0.349964
0.788292
0.683344
0.602710
0.646432
1.056870
0.803764
0.668954
0.488316
0.550859
1.074615
0.555242
0.199710
0.803827
0.236413
0.623018
1.103147
0.575520
0.814345
0.652015
0.045546
0.930836
0.457300
0.608510
0.198527
0.248205
0.572021
0.890041
0.713728
0.790639
0.567988
0.579764
0.785625
0.099744
0.686493
1.028138
0.239340
0.148090
0.453361
0.781199
0.603913
0.540005
0.936559
0.396113
0.986976
0.554699
0.379311
0.761903
0.334232
0.421107
0.621119
0.858139
0.515434
0.687881
0.671026
0.621571
0.470895
0.527033
0.890332
0.552843
0.678230
0.631421
0.894243
0.676519
0.396670
1.192566
1.025628
0.565225
0.779416
0.664036
0.187627
0.527448
0.949353
0.569325
0.889876
0.512785
0.698677
0.701558
0.257418
1.074125
0.457802
0.081372
0.313356
0.429388
0.543102
0.455701
0.842476
-0.257377
0.376859
0.334828
0.351834
0.648369
0.982206
0.756690
0.711090
0.695510
0.593950
0.969882
0.880028
0.482960
0.785129
0.805910
0.967682
0.595891
0.407848
0.440142
0.776264
0.745161
0.455354
0.121866
0.916210
0.960391
0.300518
0.538817
0.566992
0.768691
0.840597
0.908272
0.291025
0.441154
0.596683
0.509151
0.531448
0.639159
0.918498
0.557644
0.973210
0.495248
0.425290
0.868157
0.595564
0.342063
0.722984
0.648301
0.926741
0.358599
0.301816
0.512607
0.605117
0.245919
0.284434
0.988734
0.777856
0.380607
0.776050
0.286487
0.551105
0.898596
0.175906
0.513713
1.066805
0.570444
0.573425
0.349272
0.564639
0.307779
0.454994
0.564805
0.311842
0.439242
0.735094
0.858431
0.572679
0.827552
0.567080
0.631432
0.387437
0.550694
0.418171
0.442539
0.585836
0.481690
0.678921
0.580947
0.380814
0.643311
0.185040
0.778128
0.340532
0.560888
0.459369
0.627151
0.744479
0.295691
0.962625
0.686089
0.434706
0.152188
0.554710
1.011337
0.954561
0.201447
0.986011
1.025642
0.650271
0.600135
1.000238
1.385269
0.803119
0.416003
0.454068
0.246466
0.443871
0.550069
0.644018
0.377442
0.401792
0.558685
0.496213
0.314576
0.534103
0.917744
0.264211
1.035551
0.124843
0.667374
0.384237
0.732385
0.508089
0.802532
0.560947
0.574348
0.944606
0.289053
0.407145
0.300388
0.391941
0.682829
0.256450
0.350100
0.796088
0.560232
0.579291
0.411162
0.500755
0.310319
0.624735
0.616228
0.906041
0.486459
0.415984
0.632935
0.946393
1.041488
0.436254
0.707064
0.679941
0.380198
0.448555
0.887410
0.285158
0.773191
0.922949
0.542401
0.653254
0.850239
0.433718
0.962456
0.932958
0.435331
0.486055
0.264844
0.896413
1.302825
0.520335
0.211759
0.205425
0.418477
0.685875
0.565972
0.530575
0.716863
1.125415
0.143650
0.968175
1.088631
0.808674
0.810754
0.461175
0.771248
0.746802
0.297687
0.637785
0.854927
0.702876
0.980304
0.484890
0.907697
0.977559
0.844811
1.015092
0.001588
0.665306
0.436708
0.625939
0.868272
0.278688
0.832509
0.188911
0.817169
0.254007
0.721657
0.722019
0.764952
0.781096
0.358735
0.702586
0.183661
0.414159
0.610988
0.352696
0.520001
0.907350
0.422475
0.918389
0.282069
0.395527
0.481439
0.366268
0.269297
0.143185
0.672230
0.417401
0.780288
0.287036
0.412380
0.632446
0.821593
0.719343
0.760014
0.769353
0.777791
1.021844
0.747197
1.048514
0.663588
1.066968
0.703894
0.348205
0.703872
0.739889
0.564809
0.374427
0.434186
0.229135
0.821377
0.317968
0.095539
0.661753
0.902273
0.306385
0.459853
0.893413
0.408395
0.574684
0.865327
1.050825
0.856525
0.594236
0.724996
0.386115
0.585839
0.544206
0.559526
0.585943
0.397068
0.433119
0.828472
0.366565
0.882184
0.029129
0.397693
0.863294
0.688037
0.444977
0.390822
0.932419
0.781772
0.319079
0.720054
0.515354
0.830503
0.706833
0.703989
1.130304
0.735105
0.266618
0.718318
0.420411
0.494396
0.736882
0.478787
0.552047
0.826619
0.429809
0.393413
0.318294
0.747693
0.897323
0.841820
0.592212
0.574348
0.694022
0.887163
0.739876
0.311446
0.487616
0.537135
0.315896
0.795827
1.010927
0.463361
0.331338
0.556183
0.572152
0.496324
0.796014
0.739521
0.447634
0.833101
0.702597
0.777729
0.712045
0.445591
0.849672
0.841418
0.333117
1.003537
0.485252
0.448756
0.508912
0.730519
-0.714971
0.175067
0.744346
0.690496
0.259563
0.629975
0.688677
0.318538
0.328306
0.540571
0.698614
0.909270
0.335795
0.295049
0.728008
0.406006
0.302825
0.478329
0.652015
0.551236
0.696567
0.647579
0.936016
0.296649
1.225297
0.618087
0.549864
0.732746
0.430926
0.876737
0.552184
0.291233
0.229758
0.432633
0.610418
0.710712
1.015469
0.234644
0.584462
1.050640
0.593570
0.162403
0.831963
0.561950
0.118309
0.701552
0.908390
0.378378
0.786399
0.900848
0.461838
0.989394
0.235658
0.691998
0.630972
0.329687
0.315268
0.789961
0.625692
0.429299
0.754739
0.391676
0.280731
0.906152
0.536317
0.946949
0.474223
0.916420
0.491683
0.772889
1.227188
0.957854
0.634972
0.190794
0.535815
0.454218
0.689468
0.605195
0.817456
0.717846
0.490127
0.667366
1.024819
0.359509
0.635591
0.609460
0.434286
0.710940
0.563054
0.803676
0.518934
0.767580
0.715372
0.625977
0.649133
0.010047
0.706527
0.591432
0.754380
0.641194
0.443311
0.449886
0.643604
0.598305
0.714422
0.129634
0.658860
1.014981
0.530837
0.749618
0.960123
0.500186
0.335013
0.346368
0.615500
0.456873
0.619205
0.712588
0.601293
0.537268
0.727452
0.385093
0.509110
0.726009
0.528701
0.370713
0.168032
0.300993
0.989985
0.610616
1.168852
0.108912
0.494541
0.580221
0.469759
0.769409
0.396217
0.371502
0.839111
0.541584
0.639628
0.821119
0.392943
0.945925
0.613121
0.491841
0.883216
0.818279
0.620925
0.109226
0.982233
0.943948
0.770415
0.544904
0.627177
0.761350
0.607858
0.360532
0.710424
0.989442
0.722641
0.676021
0.916510
0.748212
0.744910
0.557607
0.392023
0.472015
0.342839
0.437162
0.430812
0.933262
1.118550
0.552900
0.485913
0.658863
0.327617
0.427123
0.279841
0.453071
0.722231
0.940954
0.268946
0.580607
0.897999
-0.124033
0.928207
0.555230
0.441860
0.252554
0.885971
0.996966
0.630030
0.603135
0.632067
0.622555
0.381751
0.781448
0.416476
0.882211
0.344080
0.755482
0.648195
1.093612
0.053171
0.911731
0.649819
0.839458
0.447265
0.607276
0.206583
0.239340
0.489330
0.454584
0.752482
0.848082
0.129951
0.882388
0.264449
1.095327
0.678378
0.411874
0.898942
0.557348
0.497259
0.676894
1.088286
0.794892
0.549993
0.666500
-0.028301
0.997785
0.863974
0.761627
0.633471
0.548015
0.568359
0.511982
0.818906
0.779628
0.469815
0.482491
0.636110
0.814934
0.958677
0.046107
0.316254
0.812210
1.181512
0.749419
0.715590
0.342987
1.063566
0.858718
0.823002
0.753994
0.695807
0.447325
0.430528
0.340129
0.609706
0.783563
0.848137
0.482859
0.809691
0.485671
0.850308
0.410602
0.889628
0.523910
0.653189
0.966032
0.835359
0.683917
0.715062
0.564166
0.854980
0.527700
0.843843
0.501164
0.527742
0.534881
0.040240
0.458348
0.534497
0.210120
0.434937
0.847401
0.635678
1.138392
0.590226
0.527059
0.486549
0.994084
0.942806
0.108620
1.038081
0.706910
0.571427
0.326342
0.355459
0.710453
0.743735
0.418866
0.460123
0.834350
0.931012
0.405902
0.755222
1.414449
0.779843
0.534369
0.719461
0.478799
0.773057
0.613033
0.888106
0.530966
0.894546
0.901019
0.396520
0.574288
0.693084
0.669609
0.613383
0.310251
0.521628
0.270501
0.660794
0.042759
0.455952
-0.145903
1.188071
0.596966
0.703595
0.389608
1.128511
0.545405
0.422860
0.953006
1.000343
0.560872
0.001097
0.754982
0.560232
0.317074
1.094892
0.544413
0.310262
0.251797
0.488615
0.469223
0.728710
0.231410
0.778730
0.186495
0.423737
0.551837
0.067756
0.467371
0.302611
0.778685
0.412572
0.557408
0.653858
0.679536
0.675127
0.951130
0.467805
0.350993
0.783779
0.786548
0.769210
0.504579
1.138393
0.246848
0.294017
0.425506
0.760360
0.691666
0.696437
0.819451
0.340856
0.007776
0.376905
0.568815
0.797089
0.575739
0.259984
0.970237
0.559566
0.389547
0.686180
0.204971
0.684580
1.016607
0.760765
0.912338
0.368345
1.005788
0.841043
0.694344
0.884475
0.590588
0.694554
0.055153
1.076309
0.396019
0.226910
0.810008
1.245425
0.989161
0.877850
0.663981
0.677194
0.287565
0.835712
0.701211
0.889129
0.842667
0.771910
1.002535
0.371265
0.430855
0.843660
0.421302
1.275882
0.648944
0.675811
0.391459
0.593629
0.969384
0.585329
0.574684
0.646645
0.775567
0.053761
0.570671
0.490269
0.610910
0.891377
0.712536
0.970523
0.376199
0.228027
0.806312
0.669435
0.577184
0.985458
1.136081
0.552706
0.438102
0.681688
-0.046508
0.463511
0.779375
0.845098
0.547223
1.071605
0.636962
0.682672
0.637940
0.535735
0.434300
1.027881
0.501675
0.459029
0.475917
0.130171
0.262855
0.314334
0.776859
0.335013
0.470392
0.191513
0.711835
1.033300
0.634830
0.646230
0.726350
0.478233
0.463842
0.404656
0.643500
0.285668
0.488316
0.410016
0.867709
0.426986
0.835426
0.068083
0.602222
0.342633
0.398685
0.343178
0.852299
0.612374
0.192257
0.402946
1.085887
0.810198
0.441645
0.911321
0.913280
0.421573
0.838995
0.283058
0.643317
0.533071
0.469661
0.880450
0.470263
0.965230
0.659189
0.438991
1.307558
0.639321
0.656329
0.050631
0.629563
0.695139
0.469136
0.654347
0.647833
0.753094
0.565419
0.412305
0.241830
0.722922
0.219910
0.653321
0.294331
1.070077
0.259662
0.461294
0.297582
0.629071
0.376367
0.729733
0.777706
0.535297
0.566557
0.493921
0.881788
0.799611
0.684944
1.033652
0.831596
1.105395
0.758216
0.685000
0.661333
0.528924
0.936042
0.039185
0.242819
0.389365
0.523223
0.773677
0.339950
0.492429
0.423143
0.834548
0.687505
0.736589
0.621828
0.859981
0.551592
0.730699
-0.522356
0.912216
0.658721
0.491562
0.836436
0.763023
0.301593
0.489388
0.601560
0.698984
0.733994
0.623535
0.828548
0.530830
0.210484
0.558906
0.398736
0.499767
0.748144
0.220753
0.421355
0.655613
0.591432
0.823002
0.792344
0.780703
0.762468
0.902657
0.730419
0.579479
1.128957
0.310584
0.985318
0.969144
0.407951
0.989682
0.912293
0.649165
0.925231
0.019146
0.588116
0.845369
0.663593
0.622772
0.465732
0.252492
0.339713
1.065014
0.852070
0.715565
1.132452
0.873923
0.401424
0.950294
0.968804
0.496140
0.725339
0.570276
1.137092
0.763562
0.185370
0.750098
0.882216
0.840271
0.819198
0.738467
0.849783
0.634913
1.018750
1.072430
0.881975
0.405229
0.686755
0.602197
0.563558
0.225778
0.738805
0.774201
0.778082
0.783601
0.457976
0.620305
0.231520
0.403969
1.068470
0.913280
0.832626
0.883858
0.590128
0.607765
0.609066
0.920169
0.376164
0.067916
0.775275
0.525446
0.568661
0.516488
0.546377
0.482459
0.705872
0.705244
0.668602
0.471579
0.272515
0.795235
1.057841
0.633106
0.720897
0.412591
0.223873
0.992727
0.375156
0.466163
0.655946
0.648688
-0.099634
0.625270
0.588971
0.697081
1.051744
0.419511
0.390678
0.769997
0.957669
0.544886
0.679108
0.994599
0.036755
0.450072
0.981291
0.533785
0.580770
0.350141
0.133209
0.713055
0.408751
0.834179
0.592489
0.250618
0.617676
0.666139
0.619266
0.874167
0.953383
0.218188
0.844070
0.678006
1.010395
0.834375
0.705192
0.844032
0.768907
0.707432
0.413303
0.570883
-0.203018
0.629590
0.449332
1.417038
0.640956
0.707640
0.456056
0.767253
0.654136
0.210250
0.802025
0.492251
0.559605
0.484703
0.771296
0.876554
0.546820
0.907058
0.480162
0.861659
0.626213
0.950437
0.593524
0.609981
0.936760
0.748173
0.555813
0.796472
0.097062
0.541953
0.407435
0.713722
0.574908
0.857847
0.749502
0.803130
0.553573
0.854387
0.457052
0.583286
1.090810
0.849054
0.044611
0.649613
0.872658
0.725392
0.472981
0.761669
0.595837
0.680357
0.375066
0.589521
0.896872
0.272923
0.305048
0.862726
0.595818
0.313624
0.662885
0.605427
0.811962
1.028972
0.835701
0.805697
0.649252
0.395954
0.959456
0.554058
0.875799
0.540109
0.392321
1.093387
0.647084
0.973405
0.339023
0.434385
0.711219
0.629505
0.265579
0.985664
0.734169
0.751507
0.185232
0.362912
0.491306
1.253255
0.006977
-0.031793
0.794411
0.913066
0.773051
0.317933
0.633164
0.782546
0.188915
0.558085
0.236372
0.392751
0.575395
0.680502
0.566261
0.516841
0.454152
0.194514
0.152106
0.489530
0.353660
0.810535
0.795182
0.757504
0.795136
0.591432
0.668102
0.657650
0.749423
0.983227
0.550563
0.517597
0.475813
0.582669
0.997314
0.326868
0.314846
0.884602
0.541342
0.650322
0.835041
0.505682
0.457849
0.399574
1.112871
0.734141
0.550308
0.580607
0.112912
0.570787
0.613033
0.392792
0.492093
0.948828
0.982237
0.760759
0.659322
0.590101
0.632834
0.595041
1.181062
0.200751
0.474495
0.614682
0.246603
0.143687
0.985003
0.685013
-0.038556
1.051486
0.417466
0.507059
0.434029
0.504006
0.593966
0.814029
0.368657
0.415162
0.845661
0.843237
0.647503
0.616705
0.398950
0.626119
0.725432
0.929335
0.297613
0.780531
0.540219
1.010863
1.038397
0.208809
0.998065
0.916905
0.730613
0.624855
0.349159
0.834459
0.705392
0.246433
0.434808
0.848980
-0.058762
0.612810
0.535515
0.494286
0.716905
0.331606
0.731144
0.468973
1.055562
0.372526
1.050363
0.694403
0.645874
0.812462
0.840711
1.125563
1.073500
0.550251
0.119974
0.307525
0.989431
0.408870
1.140494
-0.029967
0.559131
0.620511
0.309410
0.540330
0.210340
0.733267
0.276354
0.591664
0.907775
0.884183
0.718124
0.670013
0.565211
1.256643
0.891288
1.210734
0.577478
0.797750
0.711180
0.499424
0.459929
0.805151
0.841448
1.022178
0.325837
0.468900
0.843978
0.601172
0.544484
0.740526
0.683363
0.918619
0.371112
0.488163
0.805118
0.548158
0.930439
0.585634
0.661898
0.120931
0.579399
0.405420
0.368681
0.770656
0.525242
0.708951
0.778956
0.368345
0.703215
0.730953
0.319971
0.504292
0.481809
0.487363
1.230117
0.682248
0.680633
0.715292
0.836594
0.447089
0.618786
0.636294
0.719850
-0.290873
0.390027
0.510040
0.892995
1.203447
0.720996
0.644753
0.819641
0.636234
0.653960
0.453554
0.546465
0.571401
0.570997
0.594263
0.376451
0.527451
0.654510
1.028661
0.380612
0.628068
0.301950
0.624299
0.741982
0.130311
0.445988
0.651362
0.280087
0.568523
0.495016
0.459878
0.557792
0.764883
0.282878
0.359933
0.290219
0.736252
0.785938
0.839308
0.195994
0.799723
0.312839
0.966411
0.840980
0.471561
0.854722
1.050811
0.623753
0.641846
0.595597
0.592902
0.413165
0.411640
0.923539
0.451204
0.740188
0.711865
0.794874
0.731268
0.417500
1.076497
0.536264
0.736422
0.481865
1.161956
0.818293
0.874928
0.544050
0.235032
0.645979
0.510638
0.283895
0.730276
0.343677
0.758488
0.092991
0.861990
0.965352
1.137066
0.338587
0.441611
0.778230
0.569098
0.464149
0.469239
0.500998
0.464653
0.188211
0.563551
0.356751
0.400515
0.528984
0.759880
0.356521
0.468473
0.315513
0.404634
0.474911
0.191545
0.446389
0.456043
0.050033
0.927117
0.637527
0.772581
0.343313
0.475680
0.375600
0.201485
0.999410
0.691853
0.919417
0.586226
1.068731
0.842654
0.845741
0.764378
0.483624
0.845158
0.555509
0.863045
0.890258
0.481560
0.742940
0.840741
0.507713
0.578821
0.751871
0.746125
0.638324
0.245745
0.707003
0.542049
0.534063
0.326217
0.557389
0.787216
0.234707
0.590912
0.610140
0.398745
0.655628
0.607830
0.541745
0.648406
0.795501
0.649470
0.565954
0.710884
0.732682
1.034131
0.844664
0.542638
0.094697
0.811291
0.714687
0.781202
0.530179
-0.040509
0.304302
0.926304
0.227682
0.316932
0.830867
0.844489
0.721201
0.563576
0.419185
1.187650
0.696480
0.479929
0.658548
0.611211
0.582625
1.023899
0.322101
0.300521
1.112004
0.679430
0.649707
0.649470
0.855834
0.897586
0.524649
0.627718
0.632672
0.639041
0.135272
0.619187
0.715301
0.653430
1.111384
0.677386
0.558934
0.429227
0.745602
0.560680
0.454097
0.489088
0.648270
0.905298
0.916602
0.447207
0.684466
0.944102
0.907878
0.610551
0.608940
0.890723
1.293126
0.861188
0.630911
0.513085
0.530716
0.493202
0.684938
0.199185
0.466335
0.714435
0.521675
0.352220
0.256051
0.627769
0.727972
0.436483
0.694459
0.990365
0.360500
0.660192
0.535763
0.476686
0.523890
0.827395
0.143650
0.619713
0.901793
0.754455
0.656032
0.423770
0.618500
0.859859
0.345458
0.253578
0.852341
0.423444
0.669022
0.791761
0.193618
1.211873
0.895094
0.859779
0.390191
0.956820
0.414386
0.503926
0.453565
0.969778
0.232069
0.761889
0.791723
0.969913
0.619808
0.659238
0.275538
0.707209
0.268323
1.158995
0.638401
0.472916
0.754474
0.438018
0.701842
0.633740
0.841418
0.540571
0.937376
0.166706
0.592036
0.889763
0.548807
0.635134
0.540934
0.659022
0.695859
0.395017
0.886857
0.529708
0.808889
0.233900
0.556785
0.411547
0.397064
0.698136
0.975815
0.755751
0.626213
0.455825
0.846535
0.529725
0.713019
0.339223
0.497585
0.613146
0.174700
0.826122
0.593335
0.736987
0.746506
0.986094
0.726124
0.452073
0.661373
0.783382
-0.112410
0.785947
0.551763
0.604917
0.351653
0.282872
0.373806
0.823844
0.361347
0.721756
0.567722
0.558776
0.822509
0.805857
0.627467
0.417152
0.189965
0.244368
0.586764
-0.200701
0.916616
0.457936
0.834563
1.267655
0.227734
0.366938
0.450531
0.490212
0.603526
0.629712
0.875877
0.587917
1.118666
0.481690
0.898339
0.511019
0.315978
0.526714
0.773409
0.406906
0.197616
0.479958
0.602059
0.574448
0.801007
0.901988
0.609514
0.937973
0.873350
0.646081
0.685409
0.744734
0.162788
0.391188
0.639654
0.469945
0.874092
0.129487
0.985342
0.876986
0.384641
-0.035152
0.387173
0.729749
0.707236
0.596243
0.944713
0.634757
0.986829
0.530699
0.802590
0.479484
0.930433
0.786694
0.284003
0.134926
0.748059
0.688889
1.048627
0.695622
0.073515
0.655855
0.578632
0.215625
0.668477
0.340388
0.623057
0.721102
0.663456
0.686017
0.947425
0.639860
1.063125
0.588500
0.527604
0.769767
0.506908
1.040325
0.417346
0.784656
1.089423
0.217111
0.376616
0.685559
0.822800
0.985772
0.637698
0.490430
0.727016
0.853558
0.839583
0.545787
0.555129
0.692574
0.532173
0.832640
0.544029
1.152977
0.733312
0.871069
0.663688
0.602247
0.654200
1.034092
0.693290
0.838457
0.949492
0.756037
0.840270
0.917686
0.671943
0.758218
0.677904
1.216942
0.992727
0.509151
0.785545
0.442956
0.269249
0.841946
0.614201
0.808717
-0.243247
0.417400
0.557783
1.113527
0.195359
0.685110
0.758218
0.217526
0.638474
1.200495
0.370942
0.931352
0.845698
0.766047
1.068145
0.541286
0.440367
0.145082
0.489163
0.250455
0.669787
0.543515
0.830160
0.953095
0.601387
0.760464
0.200874
0.695443
0.108280
0.657947
0.708756
0.825872
0.381890
0.933277
0.941981
0.465999
0.518759
0.660744
0.530034
0.696203
0.865945
0.496669
0.716994
0.446961
0.367761
0.835236
0.464879
0.658025
0.136427
0.275730
0.763213
0.477544
0.521761
0.825775
0.914741
0.837104
0.406006
0.261397
0.286995
0.895327
0.357928
0.725260
0.605675
0.419523
0.791813
0.860975
0.771923
0.685165
1.249963
0.745368
0.571376
0.918313
0.727288
0.965882
0.480345
1.238301
0.618406
0.982733
1.006534
0.570546
0.625920
0.894828
0.882184
0.975691
0.868277
0.262065
0.683364
0.506255
0.536697
0.843843
0.595685
0.590528
0.581746
0.614449
0.638416
0.320363
1.048121
0.837958
0.623480
0.366622
0.735366
0.794150
0.906183
0.281380
0.921345
0.277844
0.683388
0.336550
0.269729
0.681723
0.987606
0.425512
0.778554
0.702891
0.235701
0.622618
0.173730
0.463263
0.676088
0.693316
0.289983
0.596841
0.586410
0.634200
0.658601
0.391102
0.571894
0.304457
0.775004
0.769943
0.424490
0.098315
0.851650
0.812123
0.258002
0.293132
0.092908
0.719691
0.742687
0.503997
0.248084
0.812320
0.713955
0.778775
0.428588
0.394468
0.655233
0.931487
0.942745
1.214395
0.163807
0.234685
0.498711
0.677090
0.203326
0.721852
0.497832
0.625660
0.647588
0.550045
0.663298
0.374021
0.564746
0.288138
1.007403
0.422729
0.234902
0.793942
0.875657
0.789417
0.559648
0.225292
0.487816
0.527223
0.899131
0.920326
0.671172
0.464947
0.591074
0.907977
0.399596
0.228794
0.390484
0.886341
0.489446
0.358924
0.666751
0.415475
0.599138
0.064216
0.613974
0.329795
0.721341
0.729471
0.695990
1.093455
0.894151
0.315237
0.365685
0.494639
0.591043
0.772534
0.537410
0.452344
0.468909
0.308342
0.774317
0.550923
0.781616
0.659262
0.606249
0.895954
0.863934
0.331177
0.869042
0.768429
0.601238
1.022392
0.828460
1.207468
0.264384
0.583860
0.982522
1.143239
0.492886
0.637956
0.220268
0.734018
0.493009
0.572427
0.459582
0.288856
0.949293
0.650915
0.591849
0.336491
0.617374
0.497328
0.507407
-0.434957
0.612892
0.594416
0.952580
0.572463
0.959045
0.664266
0.989761
0.773510
0.839425
0.998700
0.269407
1.036367
0.958732
0.625216
0.031840
0.986877
1.086373
0.878928
0.487769
0.307526
0.414601
0.111599
0.572260
0.705961
0.537829
0.538092
0.542919
0.653964
0.839358
0.643823
0.871669
0.551914
0.524231
0.457649
0.462759
0.591359
0.496527
0.313462
0.581569
0.683944
0.916602
0.661645
0.845973
0.900206
1.049884
0.525570
0.721866
0.750145
0.750209
0.713752
0.655580
0.647869
0.507750
0.427476
0.591990
0.524434
0.519204
0.436395
0.379440
0.586823
0.426240
0.444973
0.385856
0.666954
0.263116
0.345495
0.326237
0.384773
0.520606
0.447131
0.257596
0.720000
0.777456
0.745284
0.683940
0.537179
0.980451
0.499252
0.557276
1.018870
0.854204
0.952274
1.028788
0.770537
0.778082
0.606170
0.303429
0.493167
0.260490
0.243914
0.411670
0.798066
0.660923
0.077145
0.329748
0.838721
0.356032
0.639729
0.470187
0.238437
-0.483241
0.807006
0.365507
0.786837
0.874761
0.695510
0.479803
1.002512
0.371080
0.631186
0.652533
0.705192
0.358787
0.818733
0.850939
0.565446
0.495795
0.441985
1.049656
0.917241
1.424468
0.937650
0.807337
0.679365
1.173334
0.418926
0.623164
0.883865
0.028802
0.928941
0.814402
0.642515
0.604723
0.838148
0.361304
0.751705
0.612679
0.820209
0.581610
0.664972
1.282841
0.683349
1.194570
0.711621
0.700454
0.722344
0.384783
1.095860
0.605159
0.730714
0.611011
0.710050
0.530033
0.392452
0.269807
0.383501
0.495159
0.467726
0.634756
0.547438
0.295249
1.000414
0.529961
0.595021
0.075704
0.953596
0.604071
0.463396
1.015759
0.834146
0.642161
0.253982
0.595739
0.091913
0.916510
0.538363
0.698752
0.513733
0.458552
0.356298
0.571029
0.551647
0.469709
0.921323
1.048839
0.924653
0.225453
0.784397
1.038027
0.624031
0.643064
0.587379
0.494883
0.959373
0.892657
1.090169
0.782338
1.026444
1.080606
0.649213
0.470391
0.732493
0.631776
0.662529
0.476219
0.352067
0.765817
0.457222
0.720019
0.440252
0.223117
0.745063
0.735640
0.702774
0.639739
0.483930
0.873660
0.479522
0.924543
0.541616
0.516831
0.436664
1.135582
0.768267
0.695459
0.182170
0.093991
0.974969
0.653994
0.663109
0.369667
0.245558
0.280303
0.593367
0.273956
0.595729
0.507848
0.819225
0.244873
0.920440
0.860785
0.740232
0.933963
0.550180
0.740250
0.393155
0.278257
0.628736
0.799792
0.803108
1.007548
0.494804
0.205462
0.653567
0.695793
0.722941
0.449601
0.586859
0.475418
0.878302
0.810923
0.628481
0.565839
0.351653
0.895567
0.831508
0.717834
0.574560
0.357974
0.553104
0.226749
0.535559
0.995935
0.375527
0.392120
0.697358
0.627602
0.599696
0.723656
0.788710
1.220601
0.962241
0.429932
0.549268
0.619727
0.683389
0.544301
0.821386
0.400199
0.706051
1.030737
1.230352
0.622324
0.573701
0.293500
0.498112
0.462987
0.330010
0.459382
-0.032388
0.637743
0.781070
1.078896
0.478546
0.522598
0.778935
0.438219
0.587631
0.701966
0.607873
0.572572
0.922325
0.668608
0.652204
0.764072
0.964248
0.820844
1.042195
0.436257
0.926315
0.823448
0.290883
0.552761
0.711298
0.218727
0.386541
0.486940
0.484512
0.530587
0.841468
0.438303
0.629842
0.701175
0.738279
0.581960
0.738106
0.150568
0.499050
0.580526
0.727847
1.200616
0.540834
0.679330
0.522171
0.808555
0.539896
0.513808
0.691800
0.730369
0.821831
0.431043
0.527136
0.930927
0.667316
0.594549
1.004886
0.755444
1.750818
1.009709
0.544707
0.852874
1.144116
0.852429
0.248013
0.707850
0.802568
0.274113
0.910710
0.512407
0.908516
0.492998
0.962247
1.189978
0.607150
1.059933
0.598498
0.662878
0.817584
0.570417
0.620330
0.250978
0.963917
0.653515
0.275333
0.776743
0.865510
0.723296
0.521703
0.689370
0.191778
0.821467
0.545405
0.425236
0.615424
1.010574
0.446849
0.715930
0.988097
0.585946
0.388970
0.633237
0.573428
0.818020
0.804471
0.596728
0.766560
0.631260
0.268617
0.380607
0.576896
0.418929
0.614034
0.677241
0.649948
0.654680
0.838228
0.456906
0.473890
0.619488
0.504057
0.883380
1.083434
0.450619
0.513004
0.279689
0.771910
0.955470
0.637692
0.999526
0.867981
0.208549
0.343074
0.900082
0.836389
0.499252
0.464653
0.464255
0.510094
0.857536
0.482336
0.773354
0.509936
0.510904
0.413992
0.291907
0.496378
0.115607
0.352254
0.418532
0.735358
1.134470
0.724441
0.737420
0.618239
0.560341
0.360933
1.040954
0.813689
0.614666
1.247974
0.518369
0.946932
0.710736
0.451755
0.488265
0.480672
0.583448
0.695571
0.393255
0.405699
0.578883
0.925549
-0.009499
0.432558
0.962476
1.041532
0.699343
0.744273
0.638244
0.555272
0.767021
0.805836
0.605179
0.829758
0.939951
0.328724
0.462735
0.945621
0.295213
1.145406
0.391858
1.048396
0.972512
0.280283
0.464542
0.579409
0.672074
0.831719
1.070479
0.690554
0.586304
0.672735
0.260245
0.858784
0.535173
-0.034930
0.356425
0.533889
0.778540
0.800466
0.246339
1.079407
0.243569
0.432675
0.582598
0.692039
0.489456
0.719776
0.431538
0.324339
0.788400
0.335494
0.528688
0.637692
0.865386
0.404865
0.536258
0.588004
0.529762
0.689334
0.519589
0.789613
0.393073
0.594711
0.655940
0.564171
0.333499
0.607719
0.733107
0.506662
0.631054
0.616186
0.457397
0.706981
0.754890
0.680185
0.911348
0.781301
1.037508
0.650379
0.285484
0.687824
0.533602
0.483278
0.972863
0.263426
0.352975
0.408858
0.681163
1.223295
0.644888
0.772347
0.667120
0.792470
0.417614
0.630386
0.691607
0.773050
0.099241
0.539854
0.438363
0.878214
0.994666
0.954017
0.496376
0.022175
0.465350
0.608265
0.048464
0.810924
0.738061
0.440690
1.051506
0.863015
0.810214
0.249866
0.782647
0.780602
0.473890
0.288245
1.026076
0.743245
0.059622
0.353790
0.524432
0.613625
0.860992
0.435455
0.908301
0.408930
0.577415
0.545375
0.610240
0.426459
0.653999
0.604436
0.686953
1.106208
0.949215
0.801108
0.919540
0.459037
0.766731
0.402363
0.450455
0.922952
0.528666
0.625617
1.274803
0.655271
0.724045
0.587690
0.223892
0.338877
0.695822
0.558987
0.641122
1.064726
0.402230
1.529288
0.884619
0.873800
0.429307
0.527913
0.597371
1.062197
0.993258
0.846721
0.649742
0.224187
0.246597
0.536566
0.618213
1.231407
0.610400
0.568217
0.744376
0.554068
0.508466
0.379910
0.448139
0.111067
0.731516
0.707779
0.542701
0.847491
0.582490
0.707041
0.742599
0.854052
0.851308
0.417648
0.803121
0.941489
0.550528
0.746911
0.463068
0.820523
0.465675
0.300668
0.871975
0.307045
0.722888
0.779990
0.413626
0.434385
1.066944
0.703752
0.289562
0.503591
0.623224
0.717970
0.622910
1.019614
0.885903
0.520663
0.786467
0.638737
0.442364
0.869925
0.409780
0.450573
0.753684
0.222436
0.674379
0.267922
0.234735
0.700713
0.511128
0.502866
0.455008
0.777425
0.864927
0.498679
0.394280
1.109883
0.534863
0.815709
0.716905
0.954104
-0.186451
0.995654
0.504842
0.475026
0.575873
0.357449
0.576942
0.414455
0.539991
0.117075
0.529633
0.415345
1.098850
0.317718
0.410442
0.416951
0.657226
0.531054
0.975798
0.791663
0.378504
0.775754
1.188470
0.850933
0.388870
0.859835
0.569078
0.551399
0.868855
0.321021
0.661656
0.690022
0.143276
0.385644
0.909332
0.709455
0.778738
0.580526
1.134169
0.514086
0.931663
0.193174
-0.032921
1.178152
0.573422
0.543904
0.611838
0.534242
0.856886
0.346890
0.834172
0.709455
0.897784
0.630189
0.290852
0.490225
0.729270
0.423503
0.484717
0.620604
0.351030
0.550745
0.634661
0.860457
1.011868
0.375080
1.177381
0.546572
0.459417
0.822904
1.182516
0.877132
0.707020
0.705431
1.057444
0.323112
0.576774
0.946799
0.960379
1.006700
1.007982
0.877554
1.122829
0.825078
0.497937
0.865936
1.008198
0.644474
0.382240
0.704525
0.620326
0.764671
0.280650
0.711891
0.743243
0.579060
0.804178
0.433364
0.239809
0.876699
0.454859
0.457368
0.455417
0.711308
0.772658
0.257575
0.660656
0.792482
0.971056
0.551676
0.695019
0.867315
0.547523
0.920129
0.482245
0.744194
0.522420
-0.036462
1.136738
0.503966
0.931003
1.460642
0.498524
0.609182
0.275868
0.540451
0.607339
-0.008017
0.722496
0.449352
0.634972
0.701787
0.736336
0.650964
0.947127
0.750253
0.547346
-0.002056
0.584370
0.638669
0.834800
0.673530
0.399347
0.245585
0.747942
1.059345
0.468263
0.761087
0.361799
0.614418
0.631972
0.385091
-0.104832
1.121364
0.646984
0.534809
0.655245
0.585791
0.930566
0.312295
0.139987
0.413841
0.732524
0.645689
0.716430
0.466701
0.822377
0.607615
0.228794
0.386106
0.660216
0.537945
0.795914
1.000596
0.380567
0.924165
0.656077
1.092934
0.826129
0.598229
0.676684
0.554850
0.795155
0.865991
1.036410
0.360734
0.097403
0.669409
0.570538
1.044602
0.750388
0.411368
0.356508
0.353110
0.313732
0.501986
0.690449
0.511247
0.555692
0.589172
0.674940
0.961843
0.534368
0.754292
0.598926
0.090072
0.828400
1.043615
0.626286
0.514930
0.807512
0.446738
0.504561
0.841872
0.395354
0.667440
0.467589
0.423149
1.280490
0.729614
0.881042
0.655722
0.382891
0.756102
0.995675
0.549104
0.791904
0.795145
0.460564
1.103068
0.609600
0.595269
0.895478
0.640679
0.990179
1.040060
0.694574
0.863474
0.969858
0.461834
0.575322
1.027698
0.516488
0.365332
0.816871
0.797118
0.575466
0.696926
0.173595
0.328930
0.569425
1.026457
0.630785
0.920389
0.912593
0.929888
0.461188
0.435411
1.024447
0.853887
1.376189
0.788145
0.728943
0.476490
0.601326
0.368648
0.580886
0.635798
0.642800
0.722231
0.749742
0.153151
0.795574
0.853952
0.493631
0.813435
0.516905
0.910943
0.071699
0.709523
1.048860
0.214368
0.774812
0.925123
0.279656
0.483435
0.453526
0.524661
0.375664
0.548275
0.426250
0.931003
0.780978
1.193267
0.239897
1.621303
0.451492
0.390903
0.620582
0.593367
0.678451
0.519829
0.794019
0.400454
0.870482
0.606774
0.345189
1.040961
0.824333
0.236955
0.437851
0.860674
0.731056
0.784219
0.380086
0.509575
0.361496
0.347025
0.655817
0.934147
0.444434
0.796441
0.711515
0.741893
0.696660
0.804377
0.532876
0.417054
0.472056
0.500150
0.839488
0.735875
0.967878
0.998951
0.271019
0.573681
0.642293
0.160252
0.594521
0.939023
0.812175
0.398427
0.954992
0.707145
0.822628
0.526730
0.529820
0.173850
0.900944
0.589437
0.663073
1.313094
0.441518
1.043389
0.910284
0.523800
0.774748
0.537321
0.949963
0.449933
0.917626
0.802516
0.061197
0.596728
0.149885
1.080872
0.566366
0.837702
0.496980
0.930036
0.973260
0.384166
0.623280
0.525146
0.726877
0.484894
0.555182
0.652894
0.547549
0.331816
0.691856
0.721946
0.583734
0.576302
0.596603
0.400199
0.435542
0.301483
0.692168
0.663585
0.780361
1.120239
0.416302
0.632265
1.164743
0.444389
0.422840
0.504288
0.204907
0.517556
0.836744
0.324685
0.320065
0.668742
0.775782
0.678842
0.389785
0.395690
1.028525
0.910790
0.427413
0.686333
0.551438
0.898357
1.023401
0.738467
0.862144
0.867066
0.644029
0.252639
0.986047
0.744248
0.702829
1.120715
0.787140
0.580807
0.163772
0.381600
0.846371
0.395152
0.794693
0.681310
0.275632
0.348951
0.791166
0.645809
0.532825
0.631432
0.442714
0.419226
0.519476
0.976049
0.408927
1.233401
0.232244
0.649184
0.566449
1.302031
0.731390
0.930528
0.571178
0.681652
1.016445
0.600443
0.498729
0.730099
0.824516
0.837625
0.443133
0.852916
0.567890
0.516050
0.619500
0.754837
0.394366
0.361993
1.171373
0.396053
0.784526
1.087434
0.463792
0.535042
0.809335
0.607389
0.547862
0.739362
0.674248
0.260547
0.566252
0.440388
0.534222
0.532275
0.452073
0.591967
1.022115
0.558628
0.579143
0.418568
0.391262
0.982211
0.712161
1.062905
0.549177
0.880322
0.472224
1.088509
0.308759
0.874039
0.379545
0.687042
0.295433
0.656478
0.661942
0.752139
0.557771
0.881985
0.661228
0.282346
0.683363
0.536861
0.597487
0.854468
0.799345
0.625454
0.583824
0.281670
0.984561
0.293534
0.586326
0.156343
0.679976
1.014643
0.835893
0.381777
0.766516
0.541902
0.581820
0.663585
0.584217
0.963883
0.844731
0.732652
0.986639
0.096248
0.681163
0.785108
0.524903
1.169156
0.810814
0.221241
0.661542
0.712390
0.364315
0.154283
0.508676
0.248871
0.452956
0.229448
0.427629
0.235959
0.796319
0.457401
0.288229
0.522286
0.806085
1.114351
0.650836
0.412541
0.511068
0.278442
1.102623
0.409446
0.480889
0.375837
0.780724
0.622806
0.474378
0.711090
1.225079
0.477957
0.774988
0.772622
0.927556
0.676362
0.632933
0.828503
0.604304
0.804188
0.650170
0.807625
0.418295
1.134670
0.726673
0.116868
0.839224
0.759408
0.103054
0.870520
0.751176
0.718690
0.437194
0.557229
0.776690
0.637893
0.290177
0.796010
0.556027
0.234588
0.892849
0.310705
0.328945
0.467086
0.830619
0.055803
0.584360
1.004238
0.283874
0.511856
0.784226
0.477035
0.432727
0.755124
0.542073
0.721405
1.282400
0.673915
0.702043
0.733264
0.594408
0.245917
0.622146
0.404867
1.132905
1.120317
0.785634
0.396089
0.991402
0.520649
0.496857
0.893777
0.457548
0.686897
0.730792
0.678292
0.781749
0.850465
0.555699
0.605018
0.579058
0.103521
0.342399
0.592316
0.590658
0.696453
0.390720
0.300294
0.608802
0.564168
0.644714
0.614478
0.745549
0.619831
1.051154
0.784010
0.660982
0.427539
0.589429
0.934776
0.737583
-0.197661
0.721064
0.487875
1.070144
0.528764
0.938255
0.310373
0.601314
0.693377
0.592865
0.518560
1.021750
0.548090
0.420005
1.133155
0.580947
0.427546
0.695851
0.374487
0.423444
0.284485
0.457791
0.307446
1.057829
0.176732
0.653847
0.432714
0.362110
0.239674
1.180865
0.457601
0.863026
0.829665
0.421664
0.700636
0.378165
0.351208
0.899759
0.420622
0.601409
0.368585
0.286075
0.150143
0.431595
0.625500
0.257029
0.592555
0.708577
0.425011
0.935907
0.612855
1.193858
0.840423
0.332638
0.723642
0.576422
0.769255
0.360069
0.636937
0.552956
0.513862
1.164042
0.655418
0.452899
0.831074
0.618451
0.616284
0.490341
0.787868
0.704695
0.993188
0.743249
0.295261
0.645094
0.967443
0.619728
0.687754
0.930961
0.433698
0.390588
0.722805
0.533311
0.496942
0.548962
0.422441
0.838829
1.080571
0.736793
0.161316
0.706160
0.335333
0.624066
1.063891
0.501650
0.610311
1.150773
0.490086
0.482146
0.624504
0.768904
0.264977
0.378733
0.746828
0.469558
0.928341
0.987006
0.254540
0.365666
0.466832
0.759864
0.607860
0.102767
0.608090
0.491230
0.371482
0.235102
0.480670
0.352067
0.714969
0.658339
0.736882
0.719890
0.521600
0.623522
0.296272
0.977509
0.771812
0.261885
0.510753
0.674533
0.928948
1.097366
0.421605
0.808362
0.512799
0.448793
0.708581
0.556263
0.647561
0.415600
1.050392
0.553999
0.484709
0.751214
0.613701
1.029059
0.517870
0.367378
1.054726
0.719353
0.883196
0.784792
0.816979
0.799328
0.464406
0.614953
0.149779
0.773292
0.976011
0.184441
0.688076
0.521295
1.072131
0.298951
0.478405
0.525716
0.719459
0.743787
0.490399
0.918693
0.662765
0.913107
0.362196
0.988208
0.342478
0.127877
0.979533
0.630392
0.679635
0.064744
1.326715
0.449217
0.362742
0.295399
0.706509
0.544739
0.304788
0.279309
0.551534
0.048500
0.438545
0.556121
0.994258
0.786089
0.409250
0.574482
0.434622
0.334635
0.762220
0.752152
0.178953
0.602649
0.180915
0.766568
0.348553
0.569201
0.414295
0.113563
0.739292
0.445624
0.620094
0.377027
1.122413
0.617137
0.777254
0.305649
0.917405
0.464342
0.940454
0.488972
0.222100
0.351884
1.106994
0.519073
0.767580
0.480010
0.708676
0.544707
0.695402
0.708991
0.722814
0.580984
1.064412
0.386803
0.705192
0.687124
0.700186
0.542759
0.759755
0.301389
0.684413
0.927706
0.650799
0.908767
0.108544
0.740623
0.402791
0.551121
0.508674
0.804886
-0.001539
0.574297
0.651448
0.402890
0.367290
0.422834
0.204324
0.519883
0.592247
0.497206
1.102921
0.744346
0.469759
0.282679
0.616315
0.837625
0.567334
0.329589
0.866482
0.870260
0.688938
0.753140
0.652115
0.404186
0.574102
0.404714
0.865634
0.577476
0.755119
0.249403
0.499817
0.980419
0.589615
0.763425
0.392166
0.621345
0.678535
0.917289
0.526051
0.675137
0.711963
0.723288
0.269144
0.803148
0.554654
0.484167
0.371134
0.642997
0.020280
1.455366
0.969255
0.574319
0.687668
0.412893
0.761241
0.639570
0.559399
0.645028
1.067663
0.941658
0.372076
0.195297
0.765308
0.914167
0.579444
0.688792
0.632657
0.621703
0.809183
0.247941
0.601198
0.606091
0.749103
0.589678
0.626791
0.703209
0.865887
0.354528
0.398364
1.040499
0.701749
0.822703
0.622618
0.907261
0.067515
0.368807
0.663937
0.963443
0.621583
0.535760
0.953637
0.632733
0.976792
0.762141
0.686997
0.795115
0.676485
0.369601
0.811565
0.185606
0.011921
0.123240
0.595261
0.486974
0.965165
0.254522
0.757554
0.387155
0.587619
0.627814
0.137118
0.502555
0.381494
0.788218
0.884813
0.460864
0.787439
0.729851
0.591575
0.687267
0.791776
0.649656
0.172868
0.640660
0.607469
0.381415
0.623762
0.695105
0.389608
0.501344
0.262713
0.822985
0.865458
0.679137
0.406190
0.548526
0.674131
-0.000597
0.661700
0.727092
1.083042
0.514689
0.360255
0.072864
0.403940
0.463055
0.623756
0.464406
0.965773
0.727912
0.544904
0.799526
0.258713
0.356272
0.351102
0.358880
0.742528
0.877946
1.043772
0.185779
0.445484
0.042030
0.903820
0.401074
0.631552
0.625515
0.814703
0.655149
0.537614
1.064038
0.770207
0.546415
0.890773
0.774748
0.319046
1.400236
0.422408
0.608935
0.819376
0.670000
0.699001
1.447820
0.273669
0.664158
0.673715
0.454937
0.300682
0.509325
0.690022
1.060076
0.362706
0.932797
0.613236
0.132355
0.761375
0.655805
0.757953
0.909889
0.185256
0.564166
0.709705
1.194446
0.592501
0.569461
0.984751
0.769065
0.620322
0.611960
0.534518
1.001979
0.617944
0.234707
0.557093
0.599989
0.817196
0.066066
0.461018
0.433505
0.776843
0.565620
0.020856
0.640305
0.895391
0.769502
0.621640
1.022213
0.708995
0.423008
0.479484
0.898485
0.700313
0.653225
0.755344
0.479790
0.448474
0.163579
0.461303
0.137423
0.802518
0.394603
0.648596
0.775088
0.420905
0.231378
0.211454
0.921745
0.991483
0.091705
0.249317
0.454133
1.193065
0.636955
0.846422
0.759395
0.876551
0.863600
0.873536
0.490196
0.401606
0.493187
0.966728
0.203486
0.409319
0.276467
0.599588
0.648111
0.559627
0.594843
1.071468
0.220838
0.607783
1.011582
0.172137
0.638172
0.800945
0.633841
0.819694
0.622324
0.911277
0.851627
0.793152
0.818504
0.523910
0.925812
0.632801
0.625032
0.339737
0.665374
0.735938
0.915979
0.597677
0.550452
0.492295
0.698477
0.531565
0.554292
0.658515
0.748500
0.876699
0.306949
0.284739
0.827799
1.082964
0.669665
0.994462
1.175401
0.454721
0.710105
1.048003
0.497259
0.536741
0.604461
0.879551
1.032923
0.640543
0.401787
0.549066
0.298911
0.566610
0.600183
0.822980
0.554558
0.617332
0.378369
0.965871
0.769829
0.458545
0.915529
0.794318
0.692347
0.247456
0.404105
0.673079
0.384546
0.561940
0.002524
0.480392
0.621244
0.340470
0.558209
1.070249
0.365814
0.746339
0.585791
0.505605
0.898838
0.627855
0.447110
0.803114
0.457368
0.980129
1.241155
1.087170
0.766908
0.896501
1.069248
0.890882
0.934416
0.333257
0.311761
0.553238
0.643207
0.465225
-0.062879
0.986129
0.798182
0.637166
0.725734
0.068579
0.301007
0.423141
0.970693
0.511129
0.752575
0.436295
0.948158
0.907268
0.819748
0.517586
0.454152
0.645979
0.679218
0.469976
0.642583
0.686305
0.746300
0.869548
0.194303
0.657136
0.276159
0.886614
0.302741
1.303394
0.758451
1.323309
0.704430
0.560376
0.979862
1.084415
0.138454
0.768357
1.081262
0.349386
0.339029
0.739967
0.303843
0.119764
0.300621
0.625360
0.934523
0.628357
0.316615
0.302596
0.446106
0.482306
0.470118
0.820295
0.566890
0.322508
0.686104
0.759037
0.832092
1.012600
0.176495
0.279656
0.626099
0.526842
0.732671
0.824607
0.730751
0.633899
0.582646
0.883529
1.200646
0.271892
0.416755
0.588322
0.872564
0.687600
0.405046
-0.038912
0.770645
0.994335
0.325774
0.613687
0.575865
0.561288
0.223733
0.843384
0.707956
0.124364
0.162129
0.603691
0.812731
0.571277
0.793005
0.789696
0.722685
0.964866
0.677469
0.937082
0.727293
0.718347
0.770319
0.793368
0.707536
0.870701
0.835712
0.636421
0.456340
0.405638
0.567557
0.421259
0.578592
0.410673
0.713587
-0.056086
0.791359
1.206145
0.538380
0.693662
0.844880
0.280087
0.327583
0.546350
0.716487
0.207109
0.553634
0.941605
0.831039
0.939272
0.578284
1.066388
0.842669
0.838341
0.901974
0.856113
0.840493
0.414608
0.467641
0.709619
0.829351
1.092317
1.334206
0.719778
0.437423
0.454046
0.691930
0.498994
0.445505
0.589321
0.751886
0.817093
0.538522
0.497883
0.928390
0.210265
0.536802
0.995362
0.614894
0.850694
0.669393
0.202588
0.565481
0.313511
0.632605
0.817960
0.694512
0.321405
