0.086339
0.209584
0.170004
0.056312
-0.415759
-0.156020
0.278118
0.228333
-0.389540
0.329340
0.164651
0.213601
-0.307422
0.164628
-0.352980
0.291485
-0.130334
0.055929
0.308014
0.239715
0.143994
-0.001186
0.323965
-0.267990
-0.046631
0.036495
-0.060042
-0.034101
0.109971
-0.217285
-0.194792
0.026338
-0.551635
0.339698
0.234849
0.305093
0.291512
0.164898
-0.156064
-0.125293
-0.097738
-0.353100
-0.461552
-0.270007
-0.176914
-0.106027
-0.097821
-0.008310
0.120745
-0.083203
-0.078658
-0.318587
-0.285849
-0.333624
-0.796368
0.643622
0.106581
0.421552
0.153634
-0.056594
0.061783
-0.289348
0.219699
-0.057479
0.121137
0.252505
0.033118
0.037495
0.371843
-0.724253
0.384545
0.321678
-0.214152
0.026024
0.239296
0.214339
-0.034775
0.019296
0.173292
-0.116596
0.149254
-0.273688
0.167872
0.073546
0.141680
0.147548
0.747266
0.071828
-0.332204
-0.010912
0.088298
-0.406332
0.073400
0.346380
-0.010278
0.219154
-0.279349
-0.391832
-0.259416
0.215455
0.267826
-0.575539
0.199940
0.113243
-0.245229
-0.272648
0.106313
-0.239638
-0.241493
0.091652
0.021875
0.187548
-0.021239
-0.024314
0.013061
-0.457175
0.327803
-0.234511
0.064686
-0.225193
-0.117166
-0.223391
-0.124855
0.337193
0.204600
-0.047921
-0.088046
0.296672
0.143304
0.232996
-0.000549
0.318922
0.002770
-0.136751
-0.108998
-0.238203
0.073143
-0.119184
-0.309709
0.343078
0.132372
0.059830
-0.326226
0.211228
-0.314305
-0.196163
0.072550
0.164338
-0.324253
0.048786
-0.060634
-0.411043
-0.047724
-0.337678
0.331038
-0.188149
-0.396325
0.006282
-0.018264
-0.252894
-0.268928
-0.007741
0.165991
-0.116139
0.039946
-0.001267
0.014137
-0.149869
-0.285805
-0.123800
-0.069641
0.112306
0.129312
0.115999
0.107983
0.020064
0.221077
-0.138239
-0.170441
-0.290980
-0.454976
-0.483569
0.126804
-0.343801
0.035664
-0.158391
-0.334006
-0.324921
-0.727016
-0.229385
0.096550
-0.103420
0.007937
0.071508
0.138144
-0.343853
-0.562619
-0.352294
0.420046
-0.109541
0.253864
-0.032625
-0.147433
0.161717
-0.081470
0.386376
-0.026043
-0.367920
-0.116915
-0.805949
-0.127003
0.351224
-0.187853
-0.101485
-0.224280
-0.022191
-0.583495
-0.586513
0.102688
-0.235090
-0.034725
-0.015224
-0.157240
-0.195762
0.146501
-0.107051
-0.104175
0.194387
0.429657
0.644840
-0.088848
-0.154981
-0.112757
-0.129982
-0.284901
-0.321257
0.159808
-0.308075
-0.092558
-0.032967
-0.162437
-0.074083
-0.228678
0.045736
0.239784
0.053970
0.086129
0.201584
0.079616
0.318466
0.009944
-0.291196
0.025857
0.114109
0.135914
-0.290310
-0.298301
0.130709
0.371242
-0.209174
0.084099
-0.288654
-0.292697
-0.176883
0.342445
0.181224
0.274407
0.179432
-0.091625
-0.224291
-0.048224
0.028870
-0.028501
-0.048207
-0.068130
0.045768
0.149813
-0.467109
0.307021
0.124014
0.186133
0.271530
0.417882
0.327091
-0.111161
0.097451
0.065036
0.102446
-0.126840
-0.001652
-0.106320
-0.135592
-0.060693
0.150551
-0.269015
-0.170203
0.137535
-0.341532
0.004662
-0.335608
-0.590931
0.079350
0.089413
-0.124286
-0.171895
0.164338
0.139743
0.082033
0.068240
-0.140424
-0.065220
-0.174922
-0.269521
-0.079659
-0.304054
-0.288604
0.517727
0.001612
-0.517015
-0.391179
0.168782
-0.172240
0.097478
-0.331781
-0.105294
0.219554
-0.577262
-0.130246
0.457107
-0.021467
-0.025026
-0.330079
-0.397152
-0.286073
0.000192
-0.425174
-0.251959
0.185692
-0.236121
0.166664
-0.176943
-0.069508
0.322563
0.154324
0.096333
0.001661
-0.440305
-0.125825
-0.366385
-0.221036
-0.192469
0.456264
0.125389
-0.008163
-0.051034
-0.180279
0.038965
0.415940
0.378794
-0.283894
0.021932
0.307515
0.258949
0.004553
0.104753
0.187242
-0.081583
0.357846
-0.358991
-0.059020
-0.097821
-0.322932
-0.281969
-0.397982
-0.221609
-0.375348
0.347264
0.335692
-0.055655
0.106138
-0.054807
0.222985
0.282028
-0.444680
0.153088
0.586850
-0.519729
0.361168
-0.265107
0.096196
0.006000
0.140579
-0.401016
-0.214949
-0.259982
-0.447081
0.168509
-0.033259
-0.134295
-0.016401
0.526854
-0.214476
0.129490
-0.250316
0.124458
0.291015
0.637290
0.039637
-0.153128
-0.030107
-0.047945
-0.199903
-0.119194
-0.233755
0.102804
-0.395620
-0.300863
-0.155889
-0.115457
-0.130787
0.057119
0.011688
0.170504
0.187384
0.010560
0.057554
-0.608391
0.169508
0.105560
-0.090724
0.178510
0.200037
0.070959
-0.232911
0.054143
-0.534864
0.427224
0.011766
0.430808
-0.037763
0.131266
0.017785
0.046017
0.141545
0.105827
-0.117959
-0.048515
-0.538015
0.141497
0.473627
0.401761
0.080785
-0.306187
0.366726
0.050818
-0.340559
-0.328471
0.136379
0.191011
0.001066
-0.075201
-0.314197
0.344464
0.157796
0.449558
-0.279806
-0.001203
0.222525
-0.063741
0.076635
0.215359
-0.195081
0.043133
-0.052511
-0.206309
0.037457
0.355621
-0.026160
-0.057782
-0.359150
0.017893
-0.049211
0.243834
-0.065554
0.103677
-0.214325
0.140065
0.172645
-0.093153
-0.215458
0.355418
0.226262
0.397029
-0.382090
0.165535
-0.349262
-0.008847
-0.220573
-0.112200
-0.532743
0.184142
0.022850
-0.076006
0.490499
0.163057
-0.331383
0.043486
-0.050777
0.221022
-0.028716
0.378138
-0.713699
-0.016755
-0.215074
-0.003962
-0.044186
-0.269648
-0.571333
0.038985
0.284448
-0.079302
0.020977
-0.161939
0.065405
-0.011497
0.216116
-0.135066
0.285485
-0.111545
-0.028468
0.241520
-0.191168
-0.060483
-0.355408
0.553064
-0.242887
-0.263437
0.232906
-0.704985
-0.079599
0.092277
0.234679
-0.185197
-0.156571
-0.106750
-0.142507
-0.530960
0.023404
0.247301
-0.182924
-0.044311
0.651135
-0.172722
-0.285580
-0.322665
-0.304937
0.102547
-0.595261
0.072628
0.346850
-0.073151
-0.314425
0.007759
-0.042514
-0.041840
0.276488
-0.355210
-0.345444
0.278213
-0.275502
-0.332967
-0.166907
-0.332352
-0.026612
-0.443994
0.043486
0.183742
-0.116458
-0.093620
-0.072163
-0.328802
-0.286908
-0.378812
-0.037743
-0.305861
-0.119521
-0.110769
-0.228089
-0.028023
-0.100108
-0.241497
0.045552
-0.055655
0.214384
0.261688
-0.582807
-0.044156
0.183208
-0.199135
0.190909
-0.311744
0.091918
-0.058654
0.085221
-0.070829
-0.338379
0.346355
0.118028
0.296121
-0.316550
0.015979
-0.625964
-0.012177
-0.531865
0.347377
-0.746363
0.125886
-0.346973
-0.182459
-0.377916
0.136379
-0.053604
0.003220
-0.321805
-0.249209
-0.207573
0.543338
0.355621
0.197829
-0.151901
-0.197569
-0.048021
-0.308075
0.621837
-0.606454
0.229522
-0.323173
0.287363
0.220097
0.075807
-0.067248
0.309968
0.108747
-0.042029
0.008111
-0.081583
-0.335177
-0.045597
0.212866
0.430120
0.174500
-0.369624
-0.048267
0.177482
0.540471
-0.182645
0.305105
-0.207329
0.236990
-0.062462
0.248074
0.130973
0.108928
0.438347
0.171984
0.386772
0.076745
-0.055140
0.203945
0.417348
-0.199818
-0.175242
-0.058069
-0.203369
-0.237500
-0.121719
-0.300397
0.012758
0.283808
-0.032004
0.093491
0.219955
0.023003
-0.182135
-0.273107
0.133842
0.166674
0.057885
0.177266
-0.014195
0.330648
-0.189888
0.164628
0.501990
-0.050944
-0.415251
-0.039788
0.176907
-0.282264
-0.160369
0.105968
0.037661
-0.067390
0.069679
0.064226
-0.023186
-0.423400
-0.274845
0.130934
0.012758
-0.448346
0.037643
-0.139969
-0.067147
0.015180
0.194932
-0.105437
0.051735
-0.274336
-0.434274
0.077600
-0.619321
-0.363585
-0.050944
-0.228659
0.036593
-0.016696
-0.127885
-0.505028
-0.233312
0.035724
-0.052511
0.018035
0.320751
-0.029501
0.375343
0.013005
-0.193105
-0.480009
0.066178
-0.114823
-0.264818
-0.235562
-0.033968
-0.283525
0.064686
0.239682
-0.049996
-0.095581
-0.570499
0.627208
-0.147433
-0.089156
-0.434066
-0.140029
0.098602
-0.043831
0.285938
-0.170878
0.153297
-0.409481
-0.044905
-0.115457
-0.223063
-0.168384
-0.250076
0.229864
-0.095589
-0.048919
-0.018688
0.120943
0.060888
0.245485
-0.132769
-0.177077
0.033285
0.161299
0.120932
-0.049773
0.253113
-0.378334
0.074051
-0.036685
0.179845
-0.146152
0.026768
0.484534
-0.212705
0.108573
-0.173378
-0.318735
0.186613
-0.035359
-0.387252
0.328501
-0.187011
0.565036
0.034644
-0.373345
0.020270
-0.405155
-0.428385
-0.389540
0.090968
-0.170858
0.277779
0.058460
-0.399612
-0.283828
-0.241503
-0.165142
-0.020257
-0.204790
-0.163550
-0.002219
-0.172551
0.125414
0.344638
0.114613
-0.075258
-0.355815
0.152148
0.393042
0.016363
0.018254
0.023796
0.105560
0.087482
-0.302242
-0.085268
0.160922
0.268676
0.043683
-0.557453
-0.458461
0.200433
-0.638858
0.134330
0.167675
-0.240177
-0.216568
-0.030196
-0.245584
0.108884
-0.207329
0.373292
-0.331512
0.146931
-0.024158
0.010560
0.072895
-0.012771
-0.358791
-0.034775
-0.096070
0.583270
0.230539
0.241752
0.348419
0.015117
0.106750
-0.470632
-0.324801
-0.110108
-0.485732
-0.247924
0.306211
-0.356098
-0.147797
-0.028127
-0.071315
-0.001964
0.420000
-0.213600
0.159503
-0.400669
0.483596
-0.141967
-0.214476
0.110998
-0.549961
-0.098520
-0.262765
0.066209
0.103509
-0.015878
-0.356434
-0.094159
0.023048
0.371753
0.101229
-0.126331
0.170257
-0.273677
0.023913
-0.107136
0.079672
0.225683
0.161543
-0.245784
0.411932
0.152105
0.146273
-0.077846
0.194262
0.570344
0.555187
-0.061041
-0.265272
-0.481152
0.053214
0.085453
0.055036
-0.301159
-0.156438
0.295374
0.012556
0.086889
0.069480
-0.255886
0.187797
-0.094672
-0.278378
0.090505
-0.389540
-0.554751
-0.279806
-0.473218
0.026825
-0.127419
-0.259106
-0.023169
-0.202889
-0.074650
0.766413
0.021226
0.241520
-0.247401
-0.032967
-0.338550
0.083028
-0.116342
-0.359534
-0.039802
0.115680
0.146554
-0.303348
0.111914
-0.255299
0.020987
-0.187999
0.239749
-0.422247
-0.136022
-0.084786
0.064792
-0.199221
-0.113921
0.414441
0.022719
0.225122
0.354040
-0.349893
-0.368284
0.104045
0.371050
-0.241080
0.489434
-0.230509
-0.022219
-0.108179
-0.422619
-0.000171
0.132053
0.169214
0.760609
0.039485
-0.136751
0.113868
0.017349
0.175003
0.183581
-0.086248
-0.169268
0.417051
-0.110200
-0.374616
0.717517
0.361594
0.088494
0.098746
-0.300322
-0.010951
-0.200631
0.197506
0.037368
-0.051674
-0.222568
0.289296
-0.222183
-0.079302
-0.191847
-0.143862
0.106497
-0.235709
-0.159040
-0.173191
0.038358
-0.109542
-0.042257
0.112922
0.252532
0.025932
-0.018072
0.008288
-0.265080
-0.083699
-0.017108
-0.241490
-0.014974
0.129312
0.162654
-0.283095
-0.239327
0.259524
0.239145
0.243834
0.193691
-0.440826
0.372881
0.225510
0.307021
-0.005741
0.249435
0.301509
0.071764
-0.072635
-0.247380
-0.005719
0.149528
-0.244090
-0.141337
-0.160849
-0.203963
-0.074184
-0.490159
-0.306187
-0.003332
0.562916
-0.246495
0.037435
-0.231340
0.172478
0.060718
-0.288934
0.106112
-0.171644
0.453057
-0.468827
-0.025677
0.220010
-0.478033
-0.069228
0.143274
-0.115133
0.015145
-0.561919
0.392191
-0.220783
-0.018351
0.182324
-0.128259
-0.696273
0.230901
-0.131241
-0.216544
-0.245245
0.213197
-0.089768
0.266275
-0.050128
0.261602
-0.086670
0.191283
0.293962
-0.022255
0.020745
0.086429
-0.227717
0.176495
-0.213347
0.456565
0.055248
-0.116869
-0.255018
0.209688
-0.147053
-0.147516
0.326907
-0.026877
0.098568
0.090406
0.056312
0.328621
0.144680
0.059061
-0.203422
-0.204913
-0.355711
-0.039816
-0.249892
-0.022090
0.056046
-0.263124
-0.073151
0.254403
-0.280652
-0.255816
-0.209449
0.085422
0.118932
-0.041965
-0.230369
0.016176
-0.046683
0.121707
-0.025026
0.567827
0.443499
0.048323
-0.182185
-0.062559
-0.282580
-0.006963
-0.064083
-0.334528
0.065617
-0.214043
0.380937
0.134616
-0.230358
-0.207438
-0.255788
0.254831
-0.117436
0.042286
0.241267
0.111672
0.239749
0.488068
-0.148357
-0.231153
-0.050457
0.242914
-0.116742
0.176572
0.061486
-0.006023
0.127160
0.119644
0.282382
-0.004258
-0.101033
-0.096706
0.013471
-0.234245
0.031071
-0.073726
0.020270
-0.254579
-0.249110
0.347681
0.025932
0.035118
0.104652
-0.002977
0.136254
0.358076
-0.244846
-0.024542
-0.369514
-0.022073
0.050845
-0.211369
0.153080
0.028909
0.148659
-0.135342
-0.039646
-0.115486
-0.292333
-0.222183
0.294711
0.378946
-0.045594
-0.082877
0.133301
-0.077123
-0.290009
-0.212793
0.396739
-0.037355
-0.243218
-0.104174
-0.188884
-0.273224
0.082493
-0.031500
-0.183342
-0.175715
-0.023367
0.116778
0.371753
0.005251
-0.129232
0.140436
0.109586
0.127473
0.089689
0.051000
-0.135592
-0.453694
0.085221
-0.145237
-0.039828
0.130050
0.021562
0.112480
0.213790
-0.262079
0.315165
0.071508
-0.005746
0.206478
0.028870
0.121363
-0.063408
-0.003745
-0.035278
-0.058367
-0.512361
-0.149773
0.223517
-0.195152
0.168931
-0.090713
0.153810
-0.309768
0.036791
-0.374429
0.046507
0.059074
-0.242887
0.013692
-0.153216
0.355366
0.007770
-0.169778
-0.044410
0.043897
-0.048148
0.193062
-0.389776
-0.230145
0.160057
-0.053353
-0.135692
0.078612
-0.121285
-0.309589
0.622640
-0.115885
-0.055559
0.266234
-0.249023
-0.012774
0.236969
0.089122
-0.072226
0.281540
-0.094022
-0.225848
0.000827
0.251264
-0.518941
0.191736
-0.201349
0.260448
-0.489570
0.524361
-0.506872
0.482250
0.049793
0.203099
0.226754
-0.298271
0.209229
-0.295175
0.139354
0.425090
0.435538
0.183989
-0.099425
0.039376
-0.427748
-0.109553
0.151628
-0.077602
-0.114225
0.040841
-0.156533
-0.150048
0.009511
0.388573
0.043486
-0.039793
-0.241759
0.299672
0.399105
-0.013216
-0.242553
-0.143531
0.135145
-0.226516
-0.102696
-0.159425
0.135106
-0.436824
0.067750
0.133375
0.132376
-0.285192
0.140535
-0.149086
0.255178
-0.041819
0.125393
0.065617
0.045427
0.008536
0.693820
-0.233528
-0.205108
-0.388356
0.354695
-0.060019
-0.030283
0.019803
-0.182237
0.399006
-0.227354
-0.289544
-0.049287
0.073564
-0.154159
0.029907
0.174772
0.042065
0.166664
-0.057021
0.179314
0.461450
0.184281
-0.360037
0.068715
0.129209
-0.192343
-0.413452
-0.067444
-0.199976
0.033597
0.422632
-0.012771
-0.134434
0.330705
-0.304483
-0.272060
0.120768
-0.249742
-0.362693
0.186963
-0.149966
0.341602
0.321678
-0.105437
0.300556
0.144715
0.503453
-0.017876
-0.188304
0.143207
-0.042159
-0.330779
0.224225
-0.276342
0.061489
0.234830
-0.196201
0.035347
0.067937
0.023003
0.125802
-0.245305
0.032462
-0.291408
0.439360
0.242337
-0.121579
-0.138565
-0.187110
0.395797
0.414025
-0.182459
0.437322
-0.257389
-0.178208
0.107867
0.008835
0.176259
-0.219107
0.209801
0.232490
-0.177192
-0.361584
-0.191660
0.736822
-0.044514
-0.081470
0.019519
0.110008
0.305698
0.091564
-0.032967
0.273838
-0.106750
0.286075
-0.586677
0.296434
-0.232626
0.116093
-0.166219
-0.473745
0.199940
0.010372
0.423959
-0.007875
0.282393
0.089681
0.288089
0.012556
0.278750
-0.115548
-0.278004
-0.075911
-0.146910
0.101569
-0.178225
-0.196251
-0.444897
-0.503534
-0.010058
-0.129922
0.135106
0.317203
0.038344
0.271126
0.086609
-0.006989
0.076073
-0.258658
-0.063019
0.180286
-0.016016
-0.116765
0.241073
0.746113
-0.319082
0.055830
0.278166
0.597020
-0.099197
-0.139117
-0.318911
-0.303916
-0.169820
0.079256
0.115230
0.100999
0.322545
0.438643
-0.167876
-0.520642
0.033636
0.880632
-0.065992
0.204486
0.231949
0.077892
-0.474735
-0.191167
0.491727
-0.149086
-0.367367
0.234714
-0.180385
-0.216744
-0.052511
-0.358321
-0.438754
-0.179351
0.067530
0.389257
0.518049
-0.015665
-0.484545
0.327759
0.390359
-0.379081
-0.457050
-0.271656
-0.236422
-0.041928
0.300841
-0.217297
0.447498
0.083527
-0.046480
-0.314367
0.332998
-0.044905
0.134702
-0.265948
0.079781
-0.282007
0.230582
-0.001740
-0.112039
-0.090743
0.134773
-0.027917
-0.175860
-0.164788
0.240540
-0.041883
-0.224258
0.044174
-0.294437
0.071961
0.229971
-0.392816
-0.045901
-0.247919
0.143330
0.097531
-0.225743
0.010424
-0.289348
-0.045783
0.686381
-0.352447
0.196138
-0.057782
0.498297
-0.437023
-0.153428
-0.164413
0.130934
0.182923
-0.272563
0.344974
-0.404757
0.054274
-0.084608
-0.587963
-0.289759
0.319657
-0.318562
0.343000
0.215297
-0.135769
0.457089
0.154096
-0.457280
-0.001488
-0.237122
-0.108497
-0.370520
-0.329018
-0.431454
0.029416
-0.268255
0.523626
0.284495
-0.339637
0.388868
0.115372
0.015661
0.180755
-0.025293
0.268100
0.401736
0.142658
0.058729
0.247795
-0.433459
-0.076155
-0.106320
0.182923
-0.103983
-0.210661
0.075129
0.033044
0.036150
0.048554
0.175691
0.356699
-0.265272
-0.047724
-0.022732
0.176067
0.114736
-0.079334
0.046509
-0.520679
-0.016309
-0.089973
-0.151827
-0.241894
0.122870
0.232684
-0.106455
0.164433
-0.377074
-0.219013
-0.159425
0.129517
-0.135267
-0.177148
0.473369
-0.356929
-0.400907
-0.176220
0.163831
0.125401
0.043781
0.171465
0.429254
-0.075499
0.664823
0.113256
-0.536464
-0.113870
-0.201044
-0.060483
0.628682
-0.002856
-0.307650
0.029374
-0.033087
0.024061
0.192665
-0.337825
0.075807
-0.110151
0.321300
-0.028127
0.124500
0.217668
0.030349
0.022785
-0.158391
-0.092818
0.081096
-0.357761
0.042382
0.234369
0.411672
-0.088607
0.116673
-0.009286
-0.135129
-0.062917
0.286571
-0.008124
-0.296970
0.065258
-0.180505
-0.062282
0.264641
0.269062
-0.114533
-0.174308
0.060962
0.200299
-0.354418
-0.242553
0.053775
-0.107783
-0.252286
-0.274531
-0.183413
0.115713
0.018124
-0.056972
0.614031
-0.083507
0.219936
-0.044587
0.402196
0.144680
0.328533
0.037293
-0.130308
-0.405060
-0.565143
0.059667
0.205033
0.322392
0.085912
-0.023305
-0.069751
-0.006464
0.155074
0.224802
0.061486
0.312372
-0.343982
0.286718
-0.029234
-0.532191
-0.432452
0.228625
0.283735
-0.140424
0.215421
0.140161
0.531665
0.183445
0.323857
-0.125275
-0.390198
0.244453
-0.332352
-0.084829
-0.110685
0.004899
0.078923
0.429657
0.151733
0.274594
0.158992
0.220639
-0.185428
0.119351
-0.098399
0.113503
-0.108466
-0.492912
0.078612
-0.094283
-0.026138
-0.137872
-0.381980
0.588854
0.066643
-0.039747
0.351589
0.173382
0.042173
0.134702
-0.125071
0.197708
0.232025
-0.044344
0.304552
-0.205400
0.130568
-0.194918
-0.467779
0.225510
-0.083065
0.392746
-0.074083
-0.009795
-0.309589
0.093439
-0.255573
-0.058284
-0.068378
0.226898
0.056678
0.288353
0.069570
-0.109547
0.169103
-0.175089
-0.008532
0.086336
0.001283
-0.200776
-0.383011
0.179314
0.306121
-0.043986
-0.356136
-0.254579
0.421524
0.114039
0.128358
0.300230
-0.164234
0.265460
-0.108185
0.149505
0.244380
0.239820
-0.010850
0.069086
0.247795
-0.270819
-0.555197
-0.069641
-0.275502
0.232631
0.413834
-0.216679
0.013221
-0.070249
-0.155307
0.132678
0.129517
-0.079980
0.471674
0.004212
0.397555
-0.458405
0.017779
0.340925
0.035099
-0.188945
-0.589080
0.318706
0.120943
0.191831
-0.170858
-0.698053
-0.415092
-0.273785
-0.062774
0.371753
0.084874
0.349129
0.183336
-0.066154
0.109714
-0.126686
0.157871
-0.499816
-0.100237
0.156006
0.080463
-0.095599
0.212334
-0.431181
-0.075537
-0.142108
-0.247876
-0.116054
-0.002018
0.205229
0.225851
0.065405
0.485796
-0.035767
-0.101787
0.086541
-0.460693
-0.251110
-0.039849
0.031071
-0.275096
-0.183724
0.134212
-0.042098
-0.397928
-0.369879
0.378001
-0.054939
0.031231
-0.213897
-0.557163
-0.147569
0.018004
-0.308760
-0.052858
0.008927
-0.281435
-0.149515
0.469216
0.232062
-0.051374
-0.314498
0.489253
0.169428
0.055519
0.283669
-0.007741
-0.404856
0.108982
0.155604
-0.156801
0.030761
0.230269
0.199213
0.375651
0.311900
0.334906
-0.115669
-0.172743
-0.019859
-0.157815
0.379700
0.261422
-0.179338
0.103641
-0.073120
0.270486
-0.132005
-0.026390
0.165316
-0.129783
-0.365537
-0.109014
0.019519
0.325373
-0.185197
-0.285431
0.177920
0.424444
0.381912
0.120272
-0.084082
0.264647
0.097428
-0.106506
-0.205548
0.023913
0.094209
-0.132108
-0.149003
-0.356846
-0.489578
-0.480612
-0.503359
0.024825
0.032210
-0.006573
-0.289138
-0.037247
-0.583340
0.115680
-0.258952
-0.377459
-0.044701
0.477237
0.117121
0.502105
0.138186
0.069570
0.042368
0.013692
-0.099105
0.319958
-0.033370
-0.409798
0.683181
0.008251
-0.445325
-0.279138
0.221221
0.390855
-0.138279
-0.139782
-0.057641
-0.093447
0.249044
0.283889
0.596692
-0.016294
0.244380
-0.172649
-0.350398
0.014647
0.023913
-0.001405
-0.024314
0.022518
-0.164325
-0.066442
-0.153216
0.259945
0.045335
-0.044550
0.084374
-0.188304
-0.154159
0.482506
0.214701
0.337472
0.468009
0.408891
0.035315
0.128358
0.047162
0.064226
0.036219
0.103079
0.199361
-0.051207
-0.322751
0.576493
0.029416
-0.257389
-0.021398
0.057643
0.566084
0.000960
-0.111272
0.130709
0.204415
-0.527349
-0.051554
-0.316567
-0.330848
0.194481
0.206004
-0.328909
-0.076282
-0.187542
-0.233037
-0.055910
0.008927
0.344256
-0.687258
-0.147569
0.019918
0.170377
-0.251982
0.165486
-0.076890
-0.123099
-0.073151
-0.462607
0.583209
0.317667
-0.034567
-0.328148
-0.258952
0.131994
-0.046845
-0.063605
0.202904
-0.334988
-0.102723
-0.201823
-0.103729
0.134616
0.695924
-0.098092
-0.283151
-0.081366
0.406134
-0.160093
0.273329
0.153755
-0.050818
0.134702
0.279655
-0.006023
-0.048389
0.455454
0.081211
0.121859
-0.152835
0.026266
-0.091546
0.253936
-0.442608
0.338539
-0.318843
0.148890
-0.014460
0.513704
-0.299012
0.373348
0.131496
-0.413814
-0.588439
-0.054677
-0.048267
0.249536
0.170148
-0.610378
-0.346973
-0.053387
-0.110866
-0.041894
0.225239
-0.231754
0.164628
-0.260984
-0.334020
0.262316
-0.402769
-0.148581
-0.565692
-0.789809
0.246443
0.103677
-0.063407
0.082266
-0.017876
-0.155143
-0.008639
-0.133674
-0.126550
0.063512
0.337075
-0.090200
0.228861
0.051735
-0.178107
-0.138137
-0.307723
0.183860
-0.075785
0.445618
-0.165776
-0.016016
0.244939
-0.366918
0.224194
0.203895
-0.468799
0.126202
0.189772
0.224635
0.078612
-0.265651
0.228625
-0.049605
0.366352
0.318922
0.195707
0.105802
0.176893
-0.060865
-0.097075
0.016793
0.009010
-0.307938
-0.171598
0.785805
0.107702
-0.017784
-0.056309
-0.008990
-0.293696
0.012903
-0.138985
0.379669
-0.117501
-0.096530
0.100031
-0.521943
0.092831
0.618117
0.106608
0.022410
0.114509
-0.461092
0.318750
0.088371
-0.163573
-0.023431
-0.273119
-0.383886
-0.100446
-0.274490
-0.275395
0.246021
0.025728
0.365941
-0.419018
-0.288476
0.425593
0.089198
-0.284042
0.038653
0.103345
-0.267470
-0.003306
-0.378898
-0.490244
0.427762
0.204124
0.325811
-0.110612
-0.115076
-0.218204
-0.015824
0.723227
0.098602
-0.006528
-0.359973
0.215030
0.386980
-0.090096
-0.161169
-0.217682
0.268514
-0.172451
-0.308699
0.123211
-0.010591
-0.441958
0.292325
-0.137583
-0.211756
0.018178
0.036512
0.335964
0.659694
0.207452
-0.365828
-0.005741
-0.309528
-0.129577
0.076549
-0.024288
0.027277
-0.286344
-0.387726
-0.044479
0.029463
-0.231538
-0.279970
0.454581
-0.326106
0.163668
-0.046958
-0.257885
-0.529117
0.856077
0.107095
-0.211466
0.058099
-0.300711
-0.012083
0.106750
-0.350919
0.178757
0.209584
0.220246
-0.080538
0.076549
-0.180505
0.331953
-0.291807
-0.172347
-0.332717
0.017476
0.313757
0.172278
0.122798
-0.111587
0.537331
0.020525
-0.050156
-0.380323
0.002899
-0.006333
0.329340
0.371330
-0.297665
-0.010029
0.053918
0.084840
0.140065
-0.443038
0.131789
0.091039
0.163724
0.345459
-0.153532
-0.140086
-0.044514
-0.131208
0.366352
0.089803
-0.073459
0.433429
-0.049860
-0.255586
-0.002856
0.282469
0.145418
0.016948
0.204134
-0.146215
-0.238696
-0.023037
-0.543637
-0.030453
0.016379
-0.565924
-0.684866
0.086541
-0.260666
-0.037618
-0.171565
-0.104820
-0.037160
-0.065099
0.437629
-0.062462
0.071795
0.072741
0.249536
-0.024908
-0.201981
-0.220244
0.484563
0.028861
0.040695
0.287117
-0.282513
0.014688
-0.356434
0.452369
0.112089
-0.203117
-0.135849
0.445337
0.295530
-0.028023
-0.097181
0.333240
-0.332986
0.753058
0.107702
-0.056174
-0.443943
-0.177360
0.104247
0.345700
0.073266
-0.267979
-0.094712
-0.067220
0.536081
-0.111791
0.111280
0.080785
-0.291042
0.037422
0.025681
-0.002219
-0.226516
-0.087419
0.020663
-0.082072
-0.140424
0.294340
0.005048
-0.326612
-0.295838
0.014325
-0.210292
-0.078502
-0.368096
0.027183
0.072925
0.277932
-0.087687
0.397849
0.346341
-0.282258
-0.225026
-0.134485
0.063534
0.220649
-0.120975
0.118108
0.416366
0.193385
0.073400
-0.020650
-0.190284
-0.130708
0.333240
0.130019
0.141281
0.224194
-0.050714
-0.273761
0.128279
0.175554
0.133667
0.250066
0.164015
0.021521
-0.030777
0.189783
0.181901
0.035963
0.228895
-0.204968
0.146064
-0.022732
0.181161
-0.331125
0.612332
0.459676
-0.097294
-0.170763
-0.179261
0.021932
-0.083591
0.301967
0.003511
0.078923
0.159646
0.013005
-0.166006
-0.384088
-0.102723
0.364989
-0.005241
0.066994
-0.052776
-0.151686
-0.019180
0.167258
-0.162019
-0.461467
0.041236
0.015939
-0.128151
-0.361223
-0.048919
-0.025026
0.213721
0.123420
0.126926
-0.162106
-0.071795
-0.373169
-0.125931
0.549014
0.454236
-0.360684
-0.322054
0.210415
-0.279475
-0.074685
0.207600
0.304118
0.431484
0.278922
-0.151736
0.177710
-0.113685
-0.487841
-0.002760
0.132374
0.252232
-0.006781
-0.099370
-0.153907
-0.133513
0.228712
-0.128259
0.061733
0.099603
-0.036870
0.069595
0.339965
0.012968
-0.002448
0.066307
-0.309709
0.183672
-0.604818
-0.026414
0.321717
0.091397
-0.078224
-0.170441
-0.067444
0.101054
-0.182459
-0.009785
0.124128
-0.161801
-0.448881
0.125814
0.115999
-0.145234
-0.183824
0.469454
0.326346
0.105802
-0.294546
0.242777
0.303315
0.206664
-0.132894
0.118771
0.004372
-0.016025
-0.397758
-0.156652
0.071309
0.153311
0.767329
-0.048919
-0.000251
0.017571
-0.144355
-0.103857
-0.428190
0.003220
0.037534
-0.102511
-0.570499
-0.096433
0.511686
-0.086297
-0.102365
0.409553
-0.046736
0.372387
-0.122071
0.358280
0.260313
-0.214395
-0.338510
-0.201412
0.383611
-0.034874
0.067404
0.358165
-0.033087
0.222525
0.057119
0.123660
-0.293250
0.111353
-0.464200
-0.014604
0.251664
0.018894
-0.243988
-0.083507
-0.467983
-0.066570
0.098590
-0.057367
0.345221
0.066155
0.640958
-0.115885
0.387195
-0.139878
-0.198927
0.144014
0.386329
-0.094749
-0.656301
0.172740
0.141622
0.407192
0.036926
-0.026933
-0.663710
-0.372375
0.050342
0.565060
-0.324801
0.086976
0.014688
-0.430249
-0.229299
-0.420065
0.015979
-0.298251
-0.281969
0.048539
-0.064932
0.044387
-0.122375
-0.047015
-0.074941
0.057643
0.020443
0.051735
-0.163833
0.155074
-0.133587
0.056135
-0.282256
-0.097431
-0.263235
0.007093
-0.138952
-0.092932
0.427075
0.335284
-0.105593
0.140722
-0.013703
-0.027243
0.011808
-0.173553
-0.030777
-0.119172
0.318034
0.566084
-0.389776
0.024201
-0.117290
0.200893
0.349353
-0.071482
-0.233197
0.270245
0.180325
-0.162215
0.133812
-0.138115
-0.235798
0.260519
0.106112
0.185642
0.324413
-0.071572
0.389313
-0.373819
-0.584149
0.072053
0.042957
0.085912
-0.107783
-0.167002
0.116532
0.247795
-0.448492
0.330145
0.070491
0.251064
0.121363
0.635943
-0.178088
0.087665
0.413524
-0.014539
0.008272
0.271305
0.314337
-0.428572
0.257759
-0.491128
0.206404
0.191938
-0.048919
0.031071
-0.286365
-0.095592
0.003884
0.166684
0.086336
-0.063405
0.171758
-0.256901
0.115080
0.009326
0.067473
-0.186054
-0.023616
0.221501
-0.195643
-0.182401
0.264254
0.105206
-0.017056
0.284812
-0.490628
-0.408797
-0.182645
-0.388429
-0.251526
-0.286344
0.002899
-0.363455
-0.023026
-0.021095
0.342251
0.306732
-0.107051
-0.186833
0.009272
0.177304
-0.070504
0.286100
0.057241
-0.358569
-0.354711
0.147629
-0.645395
0.597604
0.043175
0.228083
-0.580449
0.037661
-0.091798
0.057940
-0.043959
0.058838
0.140253
-0.478766
0.210383
-0.253516
-0.547667
-0.467325
-0.086271
0.295050
0.023048
-0.147780
0.207706
0.058729
0.788385
-0.333634
-0.152298
-0.178174
0.110194
0.076990
0.192258
0.090910
-0.015024
-0.221775
0.255497
0.167268
0.206478
-0.238850
0.327165
-0.125018
0.232548
-0.162292
-0.072135
0.160322
0.302141
-0.380155
-0.385118
0.076452
-0.126297
0.310343
0.193757
0.294367
-0.858404
-0.254367
0.418490
0.172278
0.174510
-0.010670
-0.094340
-0.241293
-0.075283
0.058838
0.138144
-0.305984
-0.098896
0.070959
-0.248818
-0.147810
0.154366
0.199652
-0.065059
-0.135196
0.132630
-0.572265
0.232548
-0.012562
0.048986
0.461789
-0.071537
0.028319
-0.047584
-0.138279
0.405050
-0.303295
-0.295269
0.125792
-0.326186
-0.414135
-0.460264
0.068653
0.511336
0.239406
-0.238419
0.174476
0.291465
0.136987
-0.262610
-0.229058
-0.488039
0.052612
-0.049352
-0.098426
-0.372784
0.115230
-0.007469
0.082233
0.288550
0.587289
0.039035
-0.269162
0.280213
-0.141046
0.086665
0.079417
0.300050
0.097330
-0.453926
-0.251110
-0.296970
0.065617
-0.073224
-0.521362
-0.115679
-0.039856
-0.067891
0.418702
-0.340191
0.104045
-0.244969
0.123950
-0.114358
0.565142
-0.247936
0.002271
0.020018
-0.367598
-0.100438
-0.168283
0.072550
0.188995
0.232576
0.202905
-0.307650
-0.094749
0.307780
-0.270418
0.453792
0.010628
0.285485
0.110380
0.243898
0.241752
-0.490489
0.278922
0.146111
-0.516861
0.184536
-0.075201
-0.357738
0.392966
-0.092515
-0.235438
-0.308273
-0.215950
-0.354640
-0.131241
-0.404225
0.660969
-0.227493
-0.366585
-0.238179
0.002840
0.309032
0.224953
-0.365828
0.562944
-0.397087
0.313533
-0.152872
0.288353
-0.425557
-0.153417
-0.193226
-0.337503
0.053368
0.188108
0.020131
-0.450723
-0.223522
-0.018480
0.293568
-0.063211
-0.253048
-0.085898
0.104814
-0.281921
-0.103499
0.448729
0.093439
0.143989
0.237104
0.814155
-0.049773
-0.119172
0.402245
-0.704108
-0.103001
0.069595
-0.122071
0.097420
-0.043665
-0.075693
-0.141805
0.118645
0.245485
0.192488
-0.209449
-0.428190
-0.299557
0.019264
-0.190606
0.018315
-0.260804
-0.218030
-0.094164
-0.286073
-0.171373
0.502401
0.098763
0.075634
-0.127287
-0.008609
0.239098
0.079968
-0.241044
-0.421007
0.142569
0.049215
-0.089477
-0.169401
0.074399
0.380472
-0.059350
0.092269
-0.217161
0.026707
-0.183720
-0.316574
-0.433662
-0.039793
0.091562
-0.081086
-0.095999
0.495815
-0.334157
-0.042016
0.018079
0.010892
-0.002398
0.185884
0.001409
0.002944
-0.224337
0.108722
0.305717
0.343000
0.046654
0.274533
0.339694
0.226171
-0.198265
-0.193160
-0.350607
0.009272
0.173382
-0.063136
0.293072
0.343664
-0.082196
0.303895
0.120758
0.044928
0.149528
0.020695
-0.369123
-0.082491
0.028881
-0.132810
-0.122555
-0.274508
-0.142892
-0.341331
0.090910
-0.147919
0.044697
0.123950
-0.020022
-0.118734
-0.382161
0.140579
-0.016892
-0.408843
0.198242
0.528277
-0.042042
-0.537530
0.099914
-0.021381
0.048554
0.083834
0.355320
0.115651
-0.300001
0.088810
0.010455
0.276406
0.077572
-0.093525
-0.161294
0.223203
-0.163309
0.433760
0.232711
0.215030
0.100429
0.047226
-0.046958
-0.227569
-0.267068
0.024690
0.349622
-0.286890
-0.256379
0.257871
0.067860
0.368585
-0.623904
0.062592
0.372881
0.056202
-0.026933
-0.143243
0.666094
0.024561
-0.117548
-0.290537
-0.001488
-0.373208
-0.205065
-0.300171
-0.304300
0.068512
0.565577
-0.079389
0.153755
-0.057324
0.082250
-0.158725
0.240600
-0.307422
-0.242201
-0.017451
0.201297
-0.060964
0.467644
0.229810
-0.688447
0.106195
-0.117290
-0.242484
0.135311
-0.256901
0.375466
-0.179437
0.659464
0.004499
-0.276685
0.022410
0.046309
-0.147694
-0.124411
0.142350
-0.189874
0.465858
0.354716
0.496643
-0.228360
0.287466
-0.172540
-0.120331
-0.280114
0.192923
-0.247909
0.060588
-0.270399
-0.366772
-0.174980
0.202995
0.142685
0.226248
-0.229195
0.025585
0.048470
-0.154640
-0.153216
-0.024026
0.001758
0.154930
-0.326564
0.454934
0.196209
0.021204
-0.256977
0.168509
0.095995
-0.546563
-0.300692
-0.065951
0.234654
0.056988
-0.232512
0.104814
-0.253420
-0.270466
-0.302950
0.276220
0.090494
-0.161919
0.179577
0.164246
-0.307343
-0.194290
0.398651
-0.039798
-0.197363
0.038292
-0.209432
0.222405
-0.108319
-0.281311
0.142658
0.169508
-0.108360
0.103223
-0.073459
0.030448
-0.588837
0.002629
0.093353
0.428501
-0.109014
-0.022255
-0.260624
-0.078921
0.075938
-0.018072
0.157963
0.516452
0.074804
-0.080573
-0.246240
0.176893
-0.015878
-0.220143
0.061489
-0.083065
0.551179
0.177803
-0.069508
-0.078921
0.444609
-0.627080
0.558427
0.307436
-0.461430
0.277867
-0.250316
0.041779
0.673230
0.012929
0.335096
0.212265
0.171415
-0.229299
-0.041611
-0.198896
0.214516
-0.173467
0.401173
0.146163
0.031415
-0.004980
-0.273473
-0.286784
-0.397591
0.296583
-0.260740
0.081963
0.550591
0.361168
0.103948
-0.035590
-0.132068
0.197995
-0.270829
-0.037528
0.485445
0.063182
-0.056234
-0.548038
-0.060193
-0.275096
0.399457
-0.282858
-0.411866
-0.275764
-0.139272
0.107867
0.126751
0.062922
0.026280
0.252035
-0.163974
-0.023332
-0.284126
-0.163573
-0.047314
0.226248
-0.058217
-0.021095
-0.289114
-0.084075
-0.249065
0.094740
-0.292333
0.100581
-0.127419
-0.052511
-0.304414
0.003979
-0.009538
0.241900
0.232134
-0.157963
-0.072595
-0.065137
0.184936
0.395982
-0.218204
-0.099753
-0.253516
-0.205847
-0.526338
-0.387541
-0.375711
0.365941
-0.152959
-0.428160
0.333926
0.332767
0.116330
-0.035015
-0.195609
0.113934
-0.219280
0.013356
-0.093447
0.003105
-0.302846
-0.244371
-0.343153
-0.326705
-0.090724
0.185261
0.203219
-0.229768
0.467656
0.093491
0.077506
0.239244
-0.123253
-0.382485
-0.444168
-0.066442
-0.019331
0.070959
0.309449
-0.022191
0.060456
0.596596
0.030120
0.182401
0.276596
0.124014
0.316027
0.184748
-0.358722
-0.008339
0.105077
-0.026160
-0.045983
0.486984
0.144011
-0.242915
-0.024606
0.128803
0.055519
-0.141872
-0.389102
0.137535
-0.191169
-0.086681
0.219363
-0.083876
-0.279031
-0.083038
-0.164516
-0.311653
-0.467756
0.169428
0.309449
0.391751
0.323496
-0.185196
0.351623
0.220769
-0.037979
-0.321494
-0.416658
0.011766
-0.552099
-0.033839
-0.295300
0.127822
-0.252682
-0.362724
0.317103
0.038685
-0.178117
0.247000
0.232736
0.054420
0.150787
-0.221394
-0.201807
0.085014
0.310430
-0.151477
-0.560367
0.234602
0.328597
-0.357836
0.001320
0.246443
-0.148088
0.210827
0.025257
-0.252297
-0.382809
-0.005751
-0.159049
0.200037
-0.378777
-0.538015
-0.010327
-0.334649
0.188203
-0.049211
0.089270
0.109586
0.047892
0.036219
-0.467556
-0.297958
0.067645
0.178681
-0.029338
-0.055495
0.007572
0.249353
-0.015665
0.256702
0.170959
0.082033
-0.069298
0.247042
0.535177
0.414514
-0.253899
0.057940
0.144006
-0.176749
0.028839
-0.192955
0.209495
-0.133644
-0.445255
-0.293171
-0.100237
0.064686
0.118108
-0.110647
-0.521788
0.103440
0.147387
0.076389
-0.173717
0.214676
0.258813
0.392674
-0.079963
0.024561
0.176475
0.398116
-0.075785
0.061168
0.127037
-0.051772
0.033719
0.220372
0.342788
-0.033922
-0.233741
0.026642
-0.174739
0.405434
0.275600
-0.171708
-0.239140
-0.086670
-0.381392
0.039254
0.086052
-0.016294
0.035963
-0.021521
-0.160896
-0.167724
-0.023854
-0.127419
-0.271532
0.182401
0.028262
0.115713
-0.369624
-0.412365
-0.350919
-0.014060
-0.332352
-0.151710
-0.191847
-0.236646
0.102065
-0.292611
-0.041990
0.195723
-0.240604
-0.410332
0.147433
0.385022
0.047578
-0.150540
-0.372467
0.140503
-0.204125
-0.361516
0.009371
-0.347582
0.051733
0.114039
0.225331
0.154420
0.112089
-0.049211
-0.055352
-0.146077
0.007093
-0.146557
0.030026
-0.155485
-0.039653
-0.121823
-0.151943
-0.136034
-0.118492
-0.233357
0.440343
-0.459998
-0.208655
0.292945
0.171106
-0.102322
0.012556
-0.367367
0.162586
-0.441855
0.141680
-0.067724
-0.210454
-0.002856
0.358593
-0.007469
-0.234460
0.506686
-0.083233
0.152650
-0.433090
0.007914
-0.055212
-0.165427
-0.540048
0.529298
-0.005397
-0.291597
-0.135129
-0.116250
0.220896
0.322847
-0.571137
0.090910
0.284804
-0.218561
-0.211892
-0.098009
-0.116596
-0.395198
-0.416788
0.178308
-0.359501
0.097458
-0.087375
0.244761
0.053412
0.356081
0.493250
0.011766
0.209448
-0.378338
0.023569
-0.220313
0.422677
0.151295
0.088371
0.098668
-0.044069
0.186963
0.212647
-0.307659
0.059265
-0.263694
0.283178
-0.436005
-0.125468
-0.091124
0.407741
0.042107
0.087106
-0.406807
0.472149
-0.573284
0.480836
-0.470033
-0.099247
0.468009
0.307600
0.141339
0.244380
0.062258
-0.102045
-0.128259
-0.567012
-0.508375
0.285589
-0.474104
0.200357
-0.145547
-0.115885
0.138529
0.351221
0.198213
0.258554
0.081201
0.858135
0.168898
0.352705
-0.257435
-0.007030
-0.008787
-0.223605
0.227381
-0.166478
0.007251
0.089326
0.087518
-0.400726
0.163354
-0.448881
-0.132803
-0.133706
-0.204366
-0.415596
0.482963
0.434773
0.157588
-0.075465
-0.295133
0.221267
-0.280131
0.021716
0.314261
-0.476734
-0.407242
-0.140625
0.091075
-0.641750
-0.262426
-0.135191
-0.256701
-0.084522
-0.172347
0.078222
0.075924
0.149528
0.149047
0.097420
0.215947
-0.185494
-0.062159
-0.099738
0.013061
0.088014
-0.094844
0.247704
0.218590
0.189275
0.138529
-0.055140
-0.444709
0.283650
0.374294
-0.063957
-0.052973
-0.126147
0.093826
-0.089593
0.062437
-0.272133
0.354984
0.056678
0.052525
0.517766
0.041074
-0.011602
-0.349163
-0.309528
-0.313778
-0.034775
0.269681
0.205793
-0.151453
-0.066783
-0.020479
-0.033632
-0.155307
0.260111
-0.059922
0.050961
0.176052
0.073910
0.309032
-0.152720
-0.158717
-0.183078
0.058891
0.120768
0.250956
-0.005241
-0.070764
0.168406
-0.201782
-0.421561
-0.110054
0.370962
-0.062462
0.350562
0.134330
0.028245
-0.139473
-0.231131
-0.226709
0.105652
0.250367
0.023796
-0.143566
-0.089156
-0.085417
0.142261
0.052525
-0.072397
0.237288
0.335851
-0.147128
-0.267719
0.188729
0.200670
-0.057503
-0.527132
-0.218361
0.065811
0.063951
-0.035015
-0.399432
-0.495977
-0.520399
-0.634881
0.142261
-0.233312
-0.004526
-0.312435
-0.289572
-0.241497
0.154420
-0.203751
0.161717
0.028917
-0.128986
-0.197908
0.047481
-0.000476
0.073266
0.184748
-0.025911
-0.072057
-0.102365
-0.121173
-0.107051
-0.075236
-0.072057
-0.126840
-0.051872
-0.103628
0.099746
0.036495
-0.603450
-0.055667
-0.203750
0.035099
-0.254984
-0.057233
0.615216
0.536081
0.724868
0.207162
-0.003745
0.505118
0.386596
-0.150084
0.007873
-0.454973
-0.282559
-0.741506
0.182923
-0.356439
-0.004175
-0.091227
0.125853
0.095287
-0.305861
-0.603359
0.071896
0.138794
0.197699
0.431053
0.117782
-0.011356
0.467439
0.107793
-0.192185
-0.256512
0.005936
-0.229522
0.291504
0.328665
-0.470632
-0.253707
0.015939
0.033416
-0.290761
0.056312
0.392966
-0.119512
0.236983
-0.320912
0.305597
-0.163882
0.398779
0.000127
0.318034
0.011142
0.390512
-0.098797
-0.242399
0.061220
-0.233767
-0.506386
0.467940
0.246261
0.173197
-0.470828
-0.743720
-0.813132
0.011721
-0.260624
-0.200862
-0.060788
-0.149869
-0.100438
0.228735
-0.233976
-0.152038
-0.610889
0.031745
0.320956
-0.187696
0.281038
0.385259
0.055338
-0.348474
-0.096706
0.049194
-0.378582
0.481556
0.045675
-0.057479
0.069570
-0.089432
0.098820
-0.339448
0.165624
-0.259547
-0.452886
-0.182519
-0.218972
0.179248
-0.150947
0.395303
0.192230
-0.069907
0.305698
-0.289572
-0.031295
0.288409
0.340278
-0.116458
-0.034725
-0.188149
-0.214721
0.030026
-0.576957
-0.066442
-0.247368
-0.051297
0.007677
0.296979
0.053868
-0.150947
0.550880
-0.247328
-0.176634
0.082001
0.143995
-0.228811
0.406357
0.116405
0.174772
-0.266653
-0.292272
0.124892
0.273026
-0.088678
-0.345682
0.025492
-0.508204
0.203299
-0.109547
0.081838
-0.295944
-0.028900
0.101684
0.224113
0.295205
0.002629
-0.155475
-0.233357
0.031922
-0.280985
-0.144136
0.084578
-0.201621
-0.368891
-0.313073
0.097522
-0.000585
-0.044311
0.004093
0.179538
-0.357180
-0.141294
-0.079632
0.171376
-0.081284
-0.170858
-0.120568
-0.215746
-0.127387
-0.155690
0.291991
-0.270418
0.080631
0.432356
0.187134
-0.308699
-0.175436
0.081684
-0.166219
-0.165418
0.088270
-0.610378
-0.035439
0.103677
-0.191787
0.231949
-0.193534
0.335096
-0.069033
0.130402
0.252232
0.044699
0.275259
0.121113
0.158992
0.292325
0.038011
-0.307943
0.385045
-0.110054
-0.166830
0.072827
-0.091617
0.304608
-0.171260
-0.199628
-0.228910
-0.270007
-0.286833
-0.234895
0.041119
-0.134295
0.144844
0.388035
0.256934
-0.117911
-0.434886
-0.508873
0.033164
0.104814
0.035604
0.237086
-0.034825
-0.426929
0.018631
-0.287794
0.299473
0.044051
-0.129022
0.137028
-0.119768
-0.117290
0.403772
0.045041
-0.136718
-0.342678
-0.153524
0.232548
-0.169098
-0.063808
0.432508
0.423142
-0.140689
0.098682
0.226398
-0.242243
0.177803
-0.221775
-0.042348
-0.310538
0.099686
0.250934
0.037887
0.154366
-0.358946
-0.216996
0.399964
-0.306192
0.427986
0.232304
-0.100703
-0.162603
-0.299821
-0.288654
-0.225767
-0.150946
-0.371027
0.155181
-0.548038
-0.399625
-0.534947
-0.345759
-0.048831
-0.324441
-0.471780
0.260453
-0.756733
-0.441958
0.058600
-0.009117
0.125374
0.078222
-0.123721
-0.233777
0.421754
-0.375565
0.069174
0.540564
-0.105695
-0.044217
0.351417
-0.002760
-0.163298
0.094573
-0.246287
-0.233976
-0.018178
0.001474
-0.046683
-0.062462
-0.289127
0.222985
-0.094749
-0.050944
0.106112
0.184917
0.083764
0.247730
-0.406098
0.018890
0.158615
-0.186475
-0.182956
0.095158
-0.130528
0.023586
0.718026
-0.059794
-0.006070
0.045768
-0.200862
0.382391
0.173499
-0.292903
-0.048328
-0.009768
-0.123535
-0.032905
-0.245655
-0.114903
0.158615
-0.163974
-0.072864
0.115205
0.445842
0.245070
0.119031
0.245359
0.442177
0.222382
0.387370
-0.184588
-0.116078
0.282948
-0.111545
-0.342370
-0.121886
0.110150
-0.571748
0.013945
-0.262528
-0.042257
0.083527
0.223310
-0.360820
0.032768
-0.392692
0.111673
-0.292055
-0.037037
-0.046110
0.082212
-0.095577
0.054973
-0.081086
0.281631
0.280032
-0.064318
-0.338211
0.021716
-0.205522
0.313221
0.165867
0.254282
0.439918
0.619673
0.163354
0.395750
-0.072057
-0.078658
-0.502271
0.175188
-0.023046
-0.567624
0.134212
0.024951
0.239052
0.227885
0.080371
0.022420
-0.277023
0.077367
-0.413668
0.003697
-0.211139
-0.305230
-0.136751
0.468810
0.038312
-0.158391
-0.021916
-0.090345
-0.084677
0.139466
-0.110726
0.211977
0.039771
-0.065751
0.251710
-0.096406
-0.485047
-0.059717
0.362758
-0.031510
-0.352224
-0.158725
-0.046289
0.027232
0.179882
-0.318504
-0.178151
0.090514
0.208234
0.141027
0.404505
0.063182
0.053059
-0.146188
-0.336662
-0.348970
-0.218204
-0.299009
-0.356759
-0.181292
0.112353
-0.456069
-0.133491
-0.010058
0.476868
0.167738
0.457558
-0.062830
-0.032515
-0.549877
0.085216
-0.148474
-0.037190
0.169352
-0.478766
-0.142995
-0.142648
-0.052874
-0.204675
-0.170013
1.111302
-0.293554
-0.208008
0.271861
-0.105294
0.037975
0.316363
0.261830
-0.270045
-0.076735
0.440085
-0.280769
0.109053
-0.303068
-0.393934
0.106419
-0.023800
-0.316623
-0.210843
0.064524
-0.080887
0.412605
-0.164787
0.249536
-0.056002
-0.150946
0.359329
-0.048515
0.056524
-0.454066
0.087843
0.256768
-0.221925
0.031556
0.167872
0.117430
-0.152298
0.017235
-0.052973
-0.105040
-0.568665
-0.404746
-0.033370
-0.149682
-0.337721
0.153594
0.066178
0.504133
-0.081738
0.161018
0.041955
-0.136645
-0.196535
-0.214293
-0.081862
-0.074083
0.460310
-0.050316
0.080220
0.402207
0.312072
0.118530
0.372182
0.158624
-0.055940
-0.529667
-0.188979
0.118332
-0.544166
0.162654
0.055108
0.284076
-0.004473
-0.037037
0.099878
0.060255
-0.282559
0.203021
0.175631
0.112762
-0.476198
0.091509
-0.144890
0.483946
0.052454
0.185671
0.071452
-0.097911
-0.365011
-0.063408
-0.530039
0.119644
-0.202371
-0.202997
0.121316
0.002629
0.028262
0.379373
-0.086289
0.314053
0.074399
0.003877
-0.247943
0.631598
-0.248509
0.031148
0.124363
0.085436
0.288679
-0.489320
-0.113921
-0.011844
-0.122363
-0.299197
0.353751
-0.034902
-0.501112
-0.150465
0.099878
0.553129
-0.010278
0.392624
-0.764176
-0.125275
-0.058654
0.283650
0.008288
0.404161
0.416788
0.657189
-0.241702
-0.171229
0.207045
0.483621
-0.037432
0.290585
0.101366
-0.209174
-0.165300
-0.178231
0.442409
0.205710
-0.489578
0.063444
0.215089
0.225331
0.210383
-0.003454
0.137198
-0.030777
-0.158133
-0.400768
-0.027812
-0.211261
0.201584
0.050918
0.078524
0.242279
-0.250151
-0.129922
0.221903
0.243898
0.053214
0.014659
0.147641
-0.068622
-0.168220
0.063454
0.720341
-0.189153
-0.085007
-0.046067
-0.395994
0.027492
0.117759
0.267853
0.264254
-0.094053
-0.586623
0.008536
-0.016696
0.075309
0.147387
-0.195436
-0.041872
0.005288
-0.311653
0.122128
0.122250
0.021456
-0.155494
0.491140
-0.305325
-0.431181
0.047987
-0.238159
0.046016
-0.403591
-0.319042
-0.352876
-0.283828
-0.115007
-0.005734
-0.419075
0.152502
-0.534254
0.031518
-0.138694
0.166146
0.075489
0.440211
-0.110200
0.044531
-0.245305
-0.423947
-0.149162
-0.225108
0.655929
-0.159273
0.114827
-0.581549
0.156206
0.185530
0.025615
-0.145955
-0.369624
-0.187725
0.208657
0.108848
0.206311
0.276863
-0.071706
-0.083050
0.331116
0.069543
-0.029832
-0.484716
-0.064516
0.211034
-0.085898
-0.060524
0.525492
0.102446
0.212070
0.164147
0.174746
0.374293
-0.047074
-0.270141
-0.092104
0.439425
0.015180
-0.144136
0.115075
-0.258066
0.477185
0.021875
0.129490
-0.071537
0.427794
0.217916
0.049793
-0.096908
0.075489
-0.185197
0.780889
-0.162501
-0.157526
0.038312
0.022907
0.307863
0.225933
-0.027100
-0.163513
0.393916
0.291066
-0.019945
-0.077412
0.156206
0.069641
0.422491
0.102209
-0.219013
0.353088
0.093439
-0.034969
0.359546
-0.370449
0.343153
-0.250777
-0.227569
-0.218921
0.047319
0.047338
-0.094672
-0.215309
-0.318599
0.151216
0.066973
0.206543
0.190957
0.148370
0.188447
0.006017
-0.061964
-0.397982
-0.024749
0.390114
0.154001
-0.153428
-0.271101
0.180306
-0.178220
0.098713
0.065811
-0.484788
0.068388
-0.262657
0.145571
0.139031
-0.175765
-0.076006
0.407075
-0.097591
-0.062106
-0.609799
0.273451
-0.569515
-0.104890
0.212182
0.108411
0.260222
-0.281946
-0.282541
0.191011
-0.101453
-0.412844
0.183989
-0.360518
-0.243208
-0.330758
-0.141615
-0.091798
0.070479
0.295374
0.072326
-0.130622
0.101996
-0.340040
0.308639
-0.375305
-0.268141
0.002840
-0.000068
0.694980
-0.188304
0.309631
-0.418355
-0.064802
-0.259468
-0.096959
0.178898
0.110383
0.278724
0.189125
-0.004366
-0.078725
-0.082491
-0.149920
-0.484279
0.171531
0.149924
0.207194
0.284796
0.068157
0.055559
0.246532
0.788333
-0.593384
-0.044410
0.265902
-0.341757
-0.062469
-0.121340
-0.175765
-0.384094
0.322648
0.069661
0.048283
-0.027243
-0.026877
-0.400233
-0.005477
-0.424346
0.093360
-0.005070
0.162128
-0.252834
-0.423211
-0.137334
-0.165427
0.582468
-0.039798
0.027183
0.462511
0.530729
0.121859
-0.081860
-0.200670
-0.716144
-0.368622
0.376440
-0.168606
0.210156
-0.235742
0.245941
-0.367511
0.141735
-0.028336
-0.334656
0.171920
0.349936
0.177330
0.417548
-0.124608
-0.308400
-0.086271
-0.179261
-0.171229
-0.177102
0.199064
0.013356
-0.223220
0.256101
-0.168606
-0.121728
0.053507
0.030865
0.133670
-0.145651
-0.044098
-0.215770
-0.029338
0.174274
-0.265107
-0.092852
-0.067913
0.065258
0.099686
-0.424475
0.302658
0.062072
0.206478
0.348547
0.018506
0.014659
-0.312368
0.026405
0.437575
-0.713095
-0.424706
-0.054939
-0.184410
-0.201981
-0.266878
0.254581
-0.002930
-0.289120
-0.340717
-0.093037
-0.233994
0.048712
-0.058553
-0.027392
-0.211341
-0.310255
0.356806
-0.100053
0.265304
-0.546419
-0.158391
-0.117823
-0.142037
-0.423790
-0.027338
-0.430382
0.074992
-0.024666
-0.049136
0.269789
-0.175860
-0.184718
0.027873
0.083454
0.202443
0.359784
-0.245427
-0.015878
-0.072163
-0.102322
-0.234984
0.275306
0.234517
-0.221259
-0.163058
0.014679
-0.147810
0.413668
-0.358946
-0.236046
0.057643
-0.643704
-0.141589
-0.513526
-0.096053
0.058831
0.286139
-0.116520
-0.259130
-0.066215
0.422198
-0.032713
-0.166397
0.249236
-0.132108
-0.334483
-0.306579
-0.529498
-0.484320
-0.090523
0.217505
-0.280114
0.287774
-0.232911
0.092192
0.242777
-0.416995
0.418581
0.034906
0.329171
-0.010764
0.078979
-0.132089
0.509559
-0.018786
0.023953
-0.053100
-0.000504
-0.189007
-0.217457
0.154563
0.017131
0.193883
0.588297
-0.046958
0.207194
-0.296194
-0.289572
0.352838
-0.259288
0.158407
0.068512
0.030026
0.073236
0.114341
0.118530
0.404647
0.127229
-0.157992
0.050981
0.213213
0.272434
-0.015226
-0.812925
-0.274181
0.253334
0.072053
-0.168036
0.195457
0.040521
0.245204
0.066579
0.128945
-0.213897
0.373011
-0.128986
-0.097591
-0.258276
-0.032515
-0.144567
-0.270466
-0.319124
-0.089855
-0.225943
-0.087856
-0.421895
0.168509
0.054973
0.329965
-0.510726
0.098746
0.038329
0.070061
-0.041952
-0.121340
0.339694
0.166701
0.144000
-0.246374
-0.531589
0.007937
-0.499015
-0.145909
0.503744
0.043983
-0.264391
-0.172834
0.250884
0.642090
0.169594
-0.319168
-0.147356
-0.464943
-0.266878
-0.055495
-0.262270
-0.078725
0.141622
-0.261120
-0.096959
0.017650
-0.238112
0.185481
-0.308699
-0.485058
0.097531
0.036791
-0.320293
-0.316563
-0.226709
-0.051297
0.114055
0.087933
0.448394
0.538362
0.284812
-0.003454
0.066307
-0.426821
0.046016
-0.096038
0.053821
-0.579018
-0.258766
-0.309066
0.119999
-0.088046
0.287774
0.024428
0.094321
-0.060334
-0.298818
-0.328294
-0.151412
-0.483536
-0.377429
0.206664
-0.232512
-0.850088
-0.363063
0.366229
0.292879
-0.139117
-0.007877
-0.329270
0.262723
0.251175
0.013144
-0.199997
0.228680
0.295946
0.532140
0.180358
0.043683
0.529599
-0.012317
0.190123
-0.451862
0.042334
-0.328902
-0.200691
0.370774
-0.369978
-0.306087
-0.353777
0.061893
0.104016
-0.204719
-0.444168
-0.188395
0.226303
0.102709
-0.012349
-0.333369
-0.193818
-0.027810
-0.012023
-0.074940
-0.216111
-0.052624
0.539505
0.172093
0.114787
0.201598
-0.337503
0.368144
-0.300559
0.689348
-0.037190
-0.129323
-0.120716
-0.005734
0.319560
0.406661
0.001922
-0.072764
-0.248627
-0.177125
0.013743
-0.519937
0.663950
0.557629
-0.413917
-0.141648
-0.083939
-0.202872
-0.202587
-0.237021
-0.092238
-0.214218
0.146931
-0.272721
0.597180
0.615044
-0.002302
-0.035236
-0.113447
-0.011844
0.646140
0.188169
0.321988
-0.221852
-0.288545
0.167258
-0.242703
0.254571
-0.027476
-0.061932
-0.025677
-0.322054
0.435538
-0.388045
-0.158684
-0.376051
-0.298596
0.085853
-0.448730
-0.067078
0.118052
0.090494
0.157278
0.133670
0.181864
0.024224
-0.335651
0.432653
0.713691
0.275859
0.325689
-0.206300
0.045880
0.354312
-0.436454
0.071029
-0.113219
0.025492
0.258784
-0.225086
-0.030854
-0.128553
0.377697
0.211977
0.285803
-0.069175
0.400718
-0.003946
0.244030
-0.158696
-0.008273
0.118968
0.373246
0.019519
0.172111
-0.350947
-0.320701
-0.154299
0.044051
-0.186595
-0.046683
0.110787
-0.337161
-0.344483
-0.067326
-0.373994
-0.065992
-0.388429
0.092277
-0.057641
0.591625
-0.201614
-0.347097
0.134212
-0.054549
-0.229299
0.509537
-0.286957
0.326974
-0.137455
-0.158707
-0.316622
0.208657
0.208200
-0.275905
0.302567
0.011417
-0.515085
0.064686
0.220896
0.078550
-0.107839
0.062592
-0.097821
0.516599
0.128386
-0.094226
0.655147
0.111783
0.502484
-0.051974
-0.417844
0.462819
0.006407
-0.065328
-0.557177
-0.263437
-0.174231
-0.110108
-0.493152
-0.240683
-0.082696
-0.085151
0.012929
0.225933
0.168838
-0.350607
0.163762
-0.371447
-0.091171
0.018732
-0.205466
0.230221
-0.289605
-0.070997
-0.012279
0.025257
-0.162019
0.280729
0.488138
0.089297
0.336438
0.020212
-0.173286
-0.112039
0.038662
0.274648
-0.627977
-0.011465
-0.000528
0.106925
-0.117548
-0.095147
-0.024908
0.025132
-0.520171
0.287117
0.178627
-0.169252
0.191028
0.014059
-0.155690
0.256444
-0.227821
0.111565
-0.289544
0.019621
-0.021309
-0.166581
-0.123018
-0.097015
-0.464942
0.055261
-0.002078
-0.058654
0.191831
-0.194071
-0.424595
-0.016303
-0.223314
0.034885
0.092520
-0.251202
0.125802
0.296514
-0.135359
-0.179326
-0.452297
0.160289
0.413999
-0.135420
-0.196926
0.136736
-0.090497
0.194834
-0.333129
0.286322
0.091509
-0.239433
0.072471
-0.331841
-0.439376
-0.414659
-0.148229
-0.316525
-0.010591
-0.292801
-0.236307
0.169890
-0.254758
-0.155678
-0.410365
0.001922
-0.300692
0.523780
0.068825
-0.065799
-0.287079
0.179532
0.258277
-0.101785
-0.610525
0.021275
-0.117166
-0.104351
-0.115304
0.166059
0.038946
-0.434144
-0.117823
0.387477
-0.793718
0.013743
-0.418298
0.217486
0.120028
0.178308
0.083890
-0.042275
0.000474
0.180761
0.034678
0.060247
-0.354990
0.266776
-0.000876
-0.198581
-0.203843
0.454010
-0.113207
0.106966
-0.574123
-0.134695
-0.111469
0.005612
-0.068378
0.157288
-0.197006
0.265210
-0.173870
0.011412
0.263587
0.253729
-0.177125
0.327734
-0.044780
-0.102563
0.016548
-0.053387
0.099914
-0.408817
-0.163833
-0.123515
-0.131991
0.093291
-0.381830
-0.053281
0.569411
-0.205400
-0.257027
0.409851
0.204600
0.180756
-0.104976
0.223517
0.251008
0.194801
0.447330
-0.011497
0.422198
0.050274
0.437102
0.142685
0.567830
-0.243403
0.126862
-0.230810
0.037661
-0.032304
-0.175035
-0.184070
0.078758
-0.335575
-0.150417
-0.385118
-0.064713
-0.073876
0.089196
-0.042823
0.218590
-0.156020
-0.110726
-0.052077
-0.233755
-0.246077
-0.304749
-0.541476
-0.148179
0.390741
-0.011105
-0.181652
0.278251
0.145847
-0.285580
0.042107
-0.030855
-0.135933
0.110599
-0.246047
-0.061577
0.161929
0.090250
0.451796
-0.416115
0.148500
-0.229850
0.148021
0.034236
0.290436
0.462998
-0.116915
0.066994
0.543319
0.005608
-0.399117
-0.221282
-0.005498
-0.400656
0.002514
-0.039753
-0.133706
-0.050535
-0.500332
-0.167876
-0.249612
-0.446722
0.314765
-0.161919
-0.182401
0.176186
0.050918
0.363170
-0.263133
0.072091
0.272700
-0.071023
-0.408830
0.132374
-0.110612
0.225751
-0.026612
-0.006070
-0.018640
0.234588
0.201297
0.113001
-0.389833
0.405586
0.047793
-0.151943
0.086344
-0.165427
0.217294
-0.189163
-0.138008
0.300703
-0.236121
0.080347
0.008557
-0.218511
-0.231389
-0.062106
0.391751
-0.060865
-0.013257
0.241307
0.617105
0.336195
-0.434330
0.175269
-0.270435
-0.081860
-0.438754
-0.180719
-0.335332
-0.183331
0.140800
-0.127226
0.039852
0.007787
-0.283440
0.184577
0.682590
-0.483946
-0.298822
0.259912
-0.353446
-0.069379
-0.648202
-0.169002
-0.160113
-0.069395
-0.157815
-0.267674
-0.143112
0.270525
-0.209213
0.089941
-0.224345
0.463474
0.075949
0.428054
0.313616
0.091652
-0.531000
-0.060187
0.309184
-0.564587
-0.552371
-0.001222
0.201333
0.529536
0.230269
0.076056
-0.095572
0.153063
-0.246814
0.398965
-0.255816
0.286326
0.153084
0.113934
-0.250151
-0.228460
0.057248
-0.271532
-0.558787
-0.172834
-0.227493
-0.305418
-0.472131
-0.132044
-0.150360
-0.052973
-0.112691
0.125905
0.601644
0.283129
0.533726
0.219936
0.038665
-0.091849
-0.230859
0.241752
0.681724
0.057505
-0.131134
-0.125275
0.266031
0.242165
-0.242484
0.415679
-0.108229
-0.788733
-0.018823
-0.106750
0.093895
0.279644
0.365941
0.277289
0.064226
0.017905
-0.166765
0.341275
-0.111469
-0.024908
-0.194856
-0.392963
0.131026
0.239585
0.285589
-0.545997
0.012509
-0.207381
0.011421
0.140424
0.282788
0.398116
-0.027239
0.032916
-0.348338
-0.077562
0.343536
-0.074941
-0.445474
-0.135933
-0.013854
0.076745
-0.305134
-0.150117
-0.006023
-0.216089
-0.077282
-0.200631
-0.050304
-0.268415
0.215600
0.305681
-0.324515
-0.006624
0.154930
0.263799
-0.122805
0.094266
0.107107
0.207706
0.065331
-0.199558
-0.208108
-0.051795
-0.049942
0.164871
0.404923
0.048076
-0.123691
-0.093608
-0.521788
-0.364612
-0.217892
0.371656
0.031961
-0.167315
-0.088848
-0.149003
-0.304078
-0.318827
0.312196
-0.153658
0.448512
0.253003
0.253210
0.158992
0.074399
-0.056844
0.007251
-0.231915
0.399105
0.065172
-0.071747
0.382645
0.091163
-0.333123
-0.019525
-0.150417
-0.227493
0.183904
0.093522
-0.188395
0.291939
0.151458
-0.460186
-0.155450
0.025772
0.064918
0.005599
0.027360
-0.034673
-0.355348
-0.397982
-0.347582
-0.318638
-0.246871
0.344257
-0.404856
0.243834
-0.236965
-0.549961
-0.039793
0.009010
-0.212279
-0.079225
-0.037037
-0.011356
-0.283950
0.214058
-0.366354
0.203789
-0.002856
0.022074
-0.159557
-0.148179
-0.395949
0.135333
-0.091435
-0.252286
0.046921
0.037008
0.296643
0.157963
-0.176288
0.289782
0.305090
0.351221
-0.178195
-0.100745
0.096281
-0.498479
0.210572
-0.063407
-0.061964
-0.367339
-0.302250
0.081291
0.548318
0.076292
-0.318911
0.341926
-0.135484
-0.616234
-0.011497
-0.074432
-0.115885
-0.383692
-0.233741
-0.024862
0.164628
0.203299
0.083095
-0.234792
-0.139315
0.046016
0.253334
-0.191787
-0.295983
-0.010236
-0.179391
0.105434
-0.188149
-0.376545
-0.308584
0.170357
-0.192965
-0.011691
0.086786
0.094871
0.295050
0.244689
0.439659
-0.185599
0.174089
0.203690
0.414197
0.279771
0.042586
0.116330
-0.396356
-0.197079
0.384503
0.245941
-0.045983
0.261157
0.332423
-0.132790
-0.232956
-0.175089
0.177044
-0.147128
0.082233
-0.206306
0.061390
-0.284126
-0.268822
0.276258
0.352007
0.057241
0.191650
0.154699
-0.420390
-0.064683
-0.355348
-0.337236
0.459376
0.101292
-0.164788
0.223817
0.242396
0.060064
0.105827
0.176893
0.028875
-0.082536
0.108081
-0.212349
-0.356812
-0.232512
0.072053
-0.247919
-0.006036
-0.047945
-0.178201
0.110599
0.107095
0.405058
-0.284093
0.033770
-0.606877
-0.147921
0.329340
-0.037618
-0.432721
-0.254579
0.630115
0.165377
-0.458351
0.177304
0.291015
0.034133
-0.267835
-0.083728
-0.000123
-0.149966
0.261830
0.203264
0.241752
0.101996
0.054206
0.158018
0.190182
-0.307943
0.320302
0.105500
0.322132
0.156626
-0.337856
0.023755
-0.310735
-0.161294
-0.308995
-0.134213
0.297780
0.147248
-0.187110
0.203789
-0.117166
-0.286069
0.459797
0.044701
-0.337429
0.092192
0.284937
0.051735
-0.205931
-0.053177
0.330828
0.135547
-0.090096
-0.180443
-0.141483
0.058268
-0.290761
0.529860
0.600452
-0.199002
0.163462
0.219684
-0.307182
0.239523
-0.250151
-0.027917
-0.310403
0.203526
0.037661
-0.434508
0.200433
-0.049444
-0.260882
-0.005498
0.455827
-0.109545
0.033679
0.017981
0.217986
0.115999
-0.531289
-0.132005
0.040123
-0.299288
0.088810
-0.196275
0.165127
0.247887
0.200893
0.269337
0.256867
0.051738
-0.181704
0.044928
-0.014704
-0.434555
0.311243
0.431867
-0.170992
-0.145659
0.157617
0.420759
-0.136979
-0.176288
-0.365549
0.055060
0.397170
-0.295632
-0.044662
0.170128
0.117740
0.295205
-0.037574
0.210284
0.741107
-0.044217
0.498065
-0.185929
-0.108074
-0.129072
0.090062
-0.109543
-0.132774
0.122112
0.073523
-0.135196
-0.359953
0.075658
0.278007
0.080631
-0.311560
-0.070504
-0.117436
0.123259
0.017674
-0.237820
0.259358
0.056046
0.016701
-0.367108
-0.127663
0.259716
0.131553
0.049750
-0.532428
-0.156020
-0.237021
-0.247950
0.162128
-0.156674
0.225962
0.281459
-0.175141
-0.032156
-0.172240
-0.061905
0.167940
-0.024288
0.309132
-0.013381
-0.252649
-0.085410
0.024951
-0.164665
-0.201075
-0.155859
-0.019417
0.457089
0.046509
-0.299949
-0.276496
0.145418
-0.599474
0.320991
-0.058337
0.137854
-0.027700
-0.121579
-0.373698
0.209363
0.024997
-0.035278
-0.305775
-0.130477
0.098557
0.343939
-0.370703
-0.319146
-0.341947
0.253597
0.192718
0.193248
-0.002632
-0.316572
-0.009038
-0.079072
0.142391
-0.062384
0.105311
0.006885
0.336232
0.099551
0.330648
0.295530
0.378211
0.130387
-0.105570
0.367542
0.367315
-0.254091
0.328533
-0.188847
0.355684
-0.243233
0.050918
-0.000504
-0.039753
-0.131134
0.088140
-0.204854
-0.173806
-0.121452
0.500793
0.263385
0.270786
-0.020949
-0.144132
0.353425
0.048844
0.199381
0.444504
0.079417
0.050940
0.192258
-0.277968
-0.227732
0.003697
0.162713
0.323118
0.148248
-0.533675
0.151505
0.317483
-0.068622
0.173893
0.018582
-0.262173
0.088789
0.573584
-0.193331
0.383101
-0.173553
-0.241511
0.441295
-0.125651
-0.194056
0.281991
0.637235
-0.169268
-0.029582
0.243771
-0.108397
0.017650
-0.428720
-0.068500
-0.090318
-0.028429
-0.350919
0.376700
0.190160
0.217098
-0.091362
0.546264
0.000127
0.158498
-0.118371
-0.153216
0.077572
-0.037802
0.056957
-0.024010
-0.110129
0.068157
-0.042311
0.479762
-0.096908
0.466153
-0.295083
0.191350
-0.093447
-0.105570
-0.002412
0.189042
0.257804
0.245862
0.195020
0.200222
-0.169401
0.169092
0.102915
-0.162215
-0.193283
0.082745
-0.364008
0.242914
0.211288
0.668562
-0.003745
0.104087
0.030349
-0.067903
-0.180680
-0.331001
-0.366879
-0.283216
-0.601376
0.325020
0.363944
-0.617576
0.177044
0.490259
-0.462852
-0.398833
-0.224280
0.070050
0.032352
0.031231
0.134092
-0.281096
0.217294
-0.164788
0.254564
-0.125733
-0.046901
0.295665
-0.209938
-0.368922
0.141497
0.083764
-0.059264
0.305717
0.000937
0.114942
-0.007192
0.176366
0.361356
0.308443
-0.089973
-0.069751
0.209083
-0.013216
-0.284405
-0.147128
-0.135504
0.414152
-0.566510
0.013416
0.017476
0.130050
0.150263
0.351224
-0.323603
0.024061
-0.071034
-0.286060
0.388489
-0.127544
-0.253634
-0.017676
-0.054939
0.048876
-0.126577
0.142468
-0.463394
-0.366428
0.196865
-0.351154
0.187732
-0.018575
0.185261
-0.123757
0.130829
-0.336669
0.077600
0.044874
0.180213
0.208955
-0.171598
-0.457836
0.049263
0.178598
-0.405437
-0.146077
0.086784
-0.013381
-0.128037
-0.251703
-0.229642
0.126357
-0.316542
0.093074
0.491110
0.202052
-0.282541
-0.275139
0.012201
-0.262610
-0.475394
-0.295300
-0.024171
-0.068378
0.104353
-0.103111
-0.020002
-0.202997
-0.063588
-0.110071
0.282382
-0.004366
0.311996
-0.095589
-0.229968
-0.219404
-0.044311
-0.260410
-0.088504
-0.050614
0.093220
0.209584
-0.147287
-0.015430
-0.252128
0.067431
-0.092087
-0.039798
-0.042240
-0.209793
0.085216
0.080231
-0.497653
-0.095074
-0.141589
-0.251436
-0.311744
-0.197615
0.062922
0.172278
-0.080887
-0.207669
-0.001457
-0.303586
-0.001560
0.109775
0.170959
0.005206
0.565481
0.241073
-0.049947
-0.065951
-0.231587
0.107389
0.595276
-0.588646
0.425224
-0.137219
0.121859
-0.098956
0.652229
-0.240397
-0.539365
-0.172347
-0.135129
0.185884
-0.281749
-0.162841
-0.520642
-0.125112
-0.129693
-0.581938
-0.252376
0.281604
0.301220
-0.001295
-0.138001
0.160922
0.000641
0.013471
-0.191921
0.010168
-0.161846
-0.260927
-0.035553
0.431215
-0.042190
0.322270
0.133375
0.118645
-0.211001
-0.623617
-0.453926
0.120570
0.007165
0.298910
0.093895
-0.120975
-0.219013
0.130198
-0.182999
-0.224219
-0.032375
0.425666
0.311011
-0.496608
-0.044410
-0.135301
0.144632
-0.447099
0.264085
0.017322
-0.105040
-0.048207
-0.532949
-0.044948
-0.357836
0.098627
-0.067903
0.188602
0.574685
0.323623
0.042382
0.102996
-0.108125
-0.239434
-0.412365
0.179375
0.480207
-0.137334
0.003546
0.430959
0.211871
0.058600
-0.032004
-0.213072
-0.244221
0.063167
-0.066907
0.052525
0.089552
0.210530
-0.125788
-0.249975
0.221145
0.756925
-0.303613
-0.176943
-0.225979
0.207858
-0.260666
-0.139969
-0.021623
0.179375
-0.178225
0.210607
0.291858
0.017131
0.042142
-0.194930
-0.214827
0.256168
-0.226016
0.146062
-0.217790
-0.199818
-0.501107
-0.413782
0.328541
0.414197
0.255996
-0.026933
-0.226016
-0.085001
0.146332
0.098682
-0.083821
0.395500
0.065405
-0.131172
0.159252
-0.321220
0.383101
-0.332717
0.313165
0.393075
0.146163
0.057788
-0.084522
-0.154849
-0.222825
-0.126137
-0.435176
-0.103628
0.327720
0.010892
0.530758
0.232576
0.069132
0.073881
-0.256691
-0.441034
-0.136359
0.140628
-0.003472
-0.059264
-0.060386
0.125397
-0.433492
0.277421
-0.017645
-0.249209
0.390855
0.026024
-0.048919
-0.703182
0.060456
-0.000881
-0.278794
-0.397501
0.009944
-0.180643
-0.342128
-0.154048
0.430373
-0.053225
-0.274350
-0.041940
-0.120189
-0.507014
0.113527
0.245451
0.085392
0.048183
-0.168051
0.170004
0.369213
-0.630126
0.119999
-0.178151
-0.262370
0.018582
-0.220029
-0.002219
-0.390108
0.092670
-0.441798
0.219664
0.050961
-0.047584
0.098507
-0.068534
-0.289572
0.105434
-0.093259
-0.200515
-0.109028
0.013356
-0.137455
0.023406
-0.447683
0.115633
0.131553
-0.213360
-0.012978
0.043897
-0.212108
-0.371447
-0.281969
-0.322540
-0.418223
-0.061263
0.287636
-0.158044
0.333656
0.113252
-0.115133
-0.049113
0.045084
-0.235562
-0.078725
-0.145909
0.118373
0.303747
0.312226
0.089587
-0.210808
0.378138
0.208179
-0.058217
-0.298116
0.384339
0.064156
0.045424
-0.326106
-0.533402
-0.047015
-0.112973
-0.220154
-0.293531
-0.222912
0.178816
0.195633
-0.067078
0.324261
-0.141872
-0.102511
0.094964
-0.116765
-0.096530
-0.209146
0.392594
-0.044905
-0.101792
-0.029977
-0.045861
0.283977
0.065575
0.166664
-0.055667
0.037368
0.157300
-0.082441
-0.179377
0.051735
0.291042
-0.180505
0.162814
0.017674
0.071112
0.030026
0.097451
0.226471
0.045427
-0.098896
0.023755
-0.071298
-0.104890
-0.027700
-0.180357
0.309609
-0.280863
-0.222508
-0.250408
-0.274508
-0.200806
-0.442231
-0.466393
-0.499063
0.390955
-0.360728
0.160901
0.208955
0.116405
0.046194
-0.108433
0.397555
0.075416
0.088644
0.043872
0.012555
-0.360935
0.022719
-0.086260
0.123420
-0.004009
-0.066877
-0.023305
-0.228007
0.012187
0.012662
0.321829
0.567245
0.008039
0.345868
-0.108433
-0.493902
-0.085566
-0.091537
-0.007366
-0.166941
-0.129497
-0.149358
-0.497094
-0.129575
-0.064653
0.323041
-0.354099
0.158455
-0.400920
-0.238159
-0.008787
-0.367108
0.729185
0.280830
-0.020652
0.049044
0.347289
-0.417432
0.022410
-0.306869
-0.627436
0.129209
0.108240
-0.258205
0.021256
-0.104372
-0.410826
-0.002930
0.345832
0.303635
0.198518
-0.182645
-0.549002
-0.062226
-0.084245
-0.201621
-0.268928
0.102837
0.049910
-0.112812
0.080186
-0.037481
-0.166370
0.222484
0.180306
-0.546419
0.064915
0.060588
0.019149
0.038099
0.093962
-0.449781
0.456672
0.466168
0.071275
-0.376205
0.337778
0.038292
0.417940
-0.037703
-0.225120
-0.340487
0.183951
-0.184588
0.164715
0.178145
0.038122
0.049449
0.064724
-0.086681
-0.297122
-0.098652
0.317730
-0.093530
0.416013
-0.009518
0.160057
0.106263
-0.074650
0.049705
0.087725
0.144796
-0.385248
-0.246546
-0.380815
-0.014171
0.034644
-0.130708
-0.281027
0.197760
-0.211303
0.161002
0.362935
-0.207430
-0.285192
0.144734
0.167203
-0.263601
-0.284418
-0.313837
-0.216129
0.134868
0.788371
0.462511
0.424391
0.095366
-0.082872
0.210225
0.208955
-0.277682
0.001363
0.202119
0.430808
-0.000880
0.112986
0.167842
0.110620
0.195383
-0.125466
0.619436
0.577356
-0.027626
-0.457050
-0.150946
-0.351185
0.028861
-0.287240
-0.014773
0.183208
0.124449
-0.348970
-0.174150
0.021521
0.045906
-0.334483
-0.363082
0.352629
0.103746
-0.125788
-0.220154
-0.169232
0.125948
0.117430
-0.169874
-0.128362
0.582595
-0.146955
0.229918
-0.155662
-0.388980
0.158624
-0.274845
0.124500
-0.470857
-0.018640
0.067750
-0.019169
-0.367339
-0.323902
-0.161577
0.143330
0.118704
-0.010690
0.346368
0.104652
0.026244
-0.076155
0.084840
0.111296
-0.004920
-0.222952
0.115075
-0.112691
0.211743
-0.290342
0.004215
0.110645
-0.368614
0.855104
0.083334
-0.174739
0.309300
0.122398
-0.445361
0.107389
0.351665
-0.048267
-0.442954
-0.117401
-0.331589
0.050159
-0.173467
-0.251982
-0.262897
0.023913
0.220351
-0.181704
0.054535
0.196865
0.118028
-0.110200
-0.118813
0.141281
0.035604
-0.396521
-0.005204
0.394296
0.625515
-0.281969
-0.278563
-0.149449
-0.222870
0.083527
-0.434860
0.142431
-0.177102
-0.117277
-0.247391
0.551406
-0.181871
-0.107892
-0.531865
-0.257580
-0.246637
-0.060032
-0.057782
-0.062621
-0.097361
-0.157315
-0.005115
0.047715
0.230362
-0.375662
-0.521611
0.232604
-0.344482
0.240825
-0.496918
-0.044444
-0.098642
-0.133674
-0.053604
-0.389753
0.489228
-0.269448
-0.495680
-0.017876
0.146681
0.027733
0.063646
0.407416
-0.064013
0.607308
-0.087655
0.117421
-0.584445
-0.500288
-0.410215
-0.024788
0.090777
-0.181460
0.282706
-0.132797
0.244236
0.044357
-0.157213
0.342834
0.131430
-0.057782
-0.353626
-0.306029
0.111877
0.445903
0.068317
0.346850
0.446734
0.224335
-0.110054
0.300753
-0.101782
-0.286302
-0.370152
0.159374
0.048786
-0.139782
-0.276685
-0.058217
-0.367807
-0.100108
-0.118492
-0.044624
0.182132
-0.061592
0.110008
-0.062226
-0.360522
-0.020304
0.129456
0.113464
0.273329
-0.106220
0.159734
-0.227732
-0.060450
0.234404
-0.345367
0.196108
0.257125
-0.245619
-0.370647
0.348419
-0.090933
-0.274531
-0.119864
0.114580
0.258750
0.521774
-0.002540
-0.374005
0.123559
-0.150326
-0.211560
-0.325237
0.434472
-0.269964
-0.002830
0.017065
-0.017899
0.224102
-0.224380
-0.569836
0.059830
0.034896
0.062542
-0.221442
0.028364
0.270220
-0.170858
-0.068149
0.131171
0.054143
-0.005361
0.264213
0.497415
-0.146590
-0.243368
0.320003
-0.657232
0.203529
0.108240
-0.007556
-0.352356
0.417210
0.457107
-0.185550
-0.129922
-0.008430
-0.147609
-0.208154
-0.285580
0.106941
-0.120975
-0.037037
-0.704478
0.104247
0.405342
-0.224269
0.335851
0.203219
-0.032231
0.005229
-0.253762
0.219515
-0.640875
0.256168
-0.227855
-0.254758
-0.530872
0.462264
0.035099
0.088898
0.277742
-0.169132
-0.000600
-0.066360
0.755876
-0.684895
-0.028230
0.482873
0.385022
-0.055409
-0.203963
-0.263861
-0.060788
0.186101
-0.212705
0.407661
-0.210267
0.417822
0.278735
-0.048787
-0.303085
0.244924
-0.042002
-0.133410
-0.308007
0.114039
-0.120738
-0.069175
0.225751
-0.565427
0.008272
0.208657
0.055343
-0.023332
-0.120102
0.087549
-0.054184
0.013356
0.002441
0.248074
-0.125468
0.388436
0.028845
0.107543
-0.172129
-0.054300
0.174476
-0.132759
0.072748
0.563650
0.056813
-0.235686
0.090968
0.001661
-0.033145
-0.167020
-0.137519
-0.598029
0.004772
-0.051482
-0.049804
-0.282262
-0.021750
-0.223630
-0.511357
-0.326702
0.305698
0.317249
-0.478467
-0.339823
0.099551
0.312915
0.051738
0.066818
-0.048990
0.360853
-0.047134
0.017650
-0.284269
0.312908
-0.020183
-0.264789
-0.154139
0.261602
0.001066
0.072741
-0.437119
0.267912
0.007572
-0.444897
-0.201614
-0.044479
-0.323546
-0.240397
-0.356717
0.037173
0.003017
0.153554
-0.113518
0.236997
0.291963
-0.200503
-0.046480
0.044514
0.051741
-0.211972
0.001661
0.021998
-0.174922
-0.221106
-0.138137
0.082250
0.045736
-0.401344
-0.107487
-0.054939
0.017035
-0.496820
0.124695
-0.126828
0.190480
0.161279
0.063148
0.293361
-0.041905
0.126996
-0.037723
-0.576468
-0.067390
0.361809
-0.017275
0.609744
0.012410
0.321316
0.048554
0.371439
0.008058
0.204700
-0.181253
-0.585478
0.142468
0.824534
0.401736
-0.175663
-0.213059
0.242740
-0.023305
0.143242
0.407811
-0.159507
0.176052
-0.372739
-0.229519
-0.169268
-0.212139
-0.350258
-0.018265
-0.105088
0.232658
0.438662
0.005039
-0.059564
-0.243059
0.234532
-0.336151
-0.174606
-0.120647
-0.499457
0.256343
-0.226474
0.033880
0.331310
0.199924
-0.050380
-0.198289
0.098682
-0.004359
-0.314462
-0.240947
0.154080
-0.113764
-0.160023
-0.055655
0.212265
-0.297593
-0.081207
0.080614
0.417902
0.028856
0.088969
-0.252128
-0.481763
0.214439
0.074352
-0.030931
0.376787
0.207993
0.244528
0.323951
-0.164471
-0.257586
-0.182058
0.249957
0.048922
0.178974
0.056312
0.012662
-0.214827
-0.150949
-0.146910
0.156975
-0.123933
-0.066773
-0.060575
0.250231
-0.086260
0.008536
-0.454975
0.447718
-0.091864
0.034433
-0.195900
0.486523
-0.514582
0.044531
0.267014
-0.410301
0.377339
0.610663
-0.257584
-0.049689
0.115499
0.314506
-0.056002
-0.497295
-0.217729
0.063167
-0.134175
-0.231757
0.571108
-0.051795
0.331116
-0.296652
-0.472268
0.492418
0.085648
0.090181
-0.175553
0.106434
-0.286292
0.016548
-0.275694
-0.253516
0.327803
-0.282858
0.225200
-0.366879
-0.057282
-0.159040
0.067404
0.285900
0.058676
-0.259048
-0.354898
0.031961
-0.189999
-0.330640
-0.430249
0.031242
0.179314
-0.319285
-0.882225
-0.430685
0.143997
0.223718
-0.407041
0.043983
0.108404
-0.131388
0.545060
0.138842
0.013221
-0.230910
-0.535927
0.142307
-0.124509
-0.170427
0.352629
-0.117027
-0.229768
-0.431892
-0.234380
0.237086
-0.292988
0.563958
-0.121579
0.197907
-0.134295
-0.103822
-0.178195
0.495420
-0.202852
0.031415
0.101894
0.059239
-0.360522
-0.244502
-0.212061
-0.085083
-0.325426
-0.058476
-0.257918
-0.081086
0.336232
-0.403218
0.004142
0.452278
0.170433
-0.243949
-0.335523
-0.216333
0.032020
0.013636
0.043872
0.365971
0.121137
-0.210314
-0.204968
0.388646
-0.203495
0.304405
-0.389178
-0.370068
-0.305208
0.163487
-0.115260
-0.113091
0.139236
-0.143874
-0.404998
0.024825
0.020963
-0.025806
-0.164516
-0.089924
-0.297429
0.049559
0.242110
-0.054939
0.434704
-0.239348
-0.356445
0.080631
-0.314028
0.405510
0.338864
-0.092384
-0.314305
-0.194468
0.335915
-0.136450
-0.113447
0.290043
0.114942
0.096225
-0.039788
-0.230145
0.239030
-0.000251
-0.116342
-0.239140
0.350222
-0.281749
0.270511
0.477812
0.243771
0.048554
-0.226709
-0.064257
-0.083590
-0.029440
-0.203755
-0.478727
0.840503
0.060566
-0.357639
-0.060865
-0.316570
-0.290906
-0.169874
0.432989
0.194932
-0.104004
0.300799
0.082766
-0.128986
0.140652
-0.104335
0.054675
0.081546
-0.251436
0.410487
0.185894
0.171095
0.027540
-0.075236
-0.172774
-0.260705
-0.122446
-0.305134
-0.376772
0.266234
-0.439572
-0.426333
-0.118846
0.028845
0.391310
-0.322421
-0.110038
-0.468269
-0.153738
-0.241080
-0.334487
0.282405
-0.047724
0.040048
-0.263364
-0.036054
-0.288474
-0.233987
-0.063771
-0.165091
0.211043
0.451062
-0.244221
-0.232308
-0.089772
0.239463
-0.321147
-0.005162
-0.087634
0.245708
-0.311956
-0.145409
0.055639
0.249009
-0.185829
0.198351
0.504279
0.351847
-0.726904
0.121632
0.101930
0.234691
0.249121
-0.222123
-0.044948
0.038011
0.051736
0.525827
-0.084428
0.365941
-0.189551
0.367066
-0.170719
-0.216509
0.279371
0.224443
0.063454
-0.462009
-0.128362
-0.469506
-0.149729
-0.661529
-0.233994
0.255274
-0.068534
0.059881
-0.025795
-0.183720
0.435421
-0.410907
0.039064
0.237027
-0.085835
-0.132747
0.018124
-0.329474
-0.084324
0.338864
0.250788
0.227817
-0.506376
-0.032326
-0.465962
-0.298251
0.181864
-0.171708
-0.316599
-1.066480
0.126701
0.106112
-0.021921
0.188108
0.102446
-0.229023
-0.406145
-0.364288
-0.047724
-0.072870
0.017650
-0.172649
0.127822
-0.377176
-0.276596
0.207194
-0.287463
-0.159765
0.011721
-0.557889
-0.097431
-0.039898
0.000864
0.445337
-0.248381
-0.145144
-0.206727
-0.281749
-0.195152
0.053918
-0.263797
0.072550
-0.319146
0.103350
-0.225108
0.301509
-0.162019
-0.038104
0.442869
-0.301303
-0.162811
-0.314028
0.390114
-0.213347
0.076635
0.229098
0.016176
-0.160832
0.679043
0.223203
0.096471
-0.215746
0.355684
0.050116
0.003477
-0.337721
0.135986
0.127304
-0.508208
0.047162
-0.067282
0.090329
0.118052
-0.176320
0.222643
0.054738
0.342624
0.202160
-0.196039
0.101803
0.059061
-0.211062
0.011417
-0.707861
-0.387794
-0.331512
0.478684
0.564572
-0.446074
0.739909
0.415590
-0.017257
0.342624
-0.342140
-0.136630
0.343939
0.251714
-0.335651
-0.357238
-0.160522
0.069360
-0.306087
0.251529
0.064686
-0.294706
0.323244
0.123950
0.317667
-0.165343
0.280804
-0.263437
-0.439322
-0.062462
-0.476272
-0.096011
-0.229901
0.033955
-0.281311
0.217226
0.492064
-0.382698
0.275596
0.203653
-0.209711
0.260000
-0.337678
-0.167724
0.148542
-0.316555
-0.297429
0.094321
-0.246678
-0.360037
-0.440305
0.224194
-0.096740
0.270059
-0.107783
-0.340063
-0.138796
-0.269751
0.014282
0.210607
-0.131241
-0.209053
0.172280
0.181315
-0.561679
0.141561
-0.275694
0.133009
-0.094672
0.114108
-0.480776
0.620086
-0.120975
0.001551
0.000960
-0.449781
-0.075785
0.166693
0.209363
-0.016016
-0.023620
-0.047384
0.023586
-0.358653
0.022304
-0.422679
0.063771
-0.179233
0.045736
0.418278
-0.241497
0.268304
0.123057
-0.398117
-0.314425
-0.209305
-0.323719
0.134069
-0.442381
-0.039730
0.255178
-0.080285
0.046148
0.178037
-0.410215
-0.457724
-0.284810
-0.022111
-0.043782
-0.494187
0.218590
-0.138930
-0.151943
0.396579
0.034154
0.156953
0.429389
0.083176
0.137157
0.329851
-0.120143
0.251548
-0.160696
0.026499
-0.316605
-0.286069
0.194137
0.239350
-0.025801
-0.319022
-0.232211
-0.239079
-0.199101
0.296110
0.372214
-0.181602
-0.214567
-0.484716
-0.139290
-0.178077
0.343293
-0.242243
-0.510971
-0.169591
-0.084605
-0.297798
0.346077
-0.188459
-0.143874
-0.140086
-0.267028
-0.020785
0.419978
0.266541
0.164505
0.061257
0.538262
-0.088121
0.215947
-0.556956
-0.169401
0.227952
0.023084
-0.206766
-0.105141
0.443491
0.024997
0.241752
-0.164787
0.337649
0.103856
0.380754
0.303628
0.074631
-0.080476
-0.012023
0.433874
-0.230358
-0.015599
0.524969
0.044493
-0.200380
-0.369305
-0.150008
0.030026
-0.071795
-0.392456
0.001320
-0.090724
-0.106376
0.012968
0.012929
-0.004927
-0.009222
0.243866
-0.139315
0.460950
-0.048990
-0.034874
0.014171
0.053327
-0.495538
0.193007
-0.132817
0.377219
0.037602
-0.129922
-0.075688
0.211965
-0.141393
-0.110108
0.063771
-0.229408
0.307629
-0.214546
0.268525
0.521281
-0.130893
0.047963
0.282859
0.242836
-0.361639
0.413844
-0.028023
0.141095
0.090968
-0.275096
0.063194
-0.630548
-0.143566
-0.264463
0.474735
0.637192
0.306094
-0.257740
-0.163058
-0.134139
0.273560
-0.052624
0.017230
-0.044186
-0.204478
0.112480
0.432214
-0.198896
-0.044156
-0.102111
-0.318860
-0.619756
-0.138279
-0.464355
-0.522459
0.085763
-0.037723
-0.622687
0.229098
-0.332850
-0.073436
-0.675685
-0.088121
0.060048
0.126488
-0.015043
-0.063626
0.047162
-0.298052
-0.116292
0.202288
-0.021623
0.217668
0.043175
-0.249612
-0.003115
-0.448312
0.020982
-0.100349
-0.060357
-0.002219
-0.080244
-0.399054
-0.250231
0.257447
-0.103457
0.224102
0.005589
-0.025801
-0.193081
-0.075911
-0.337625
0.433115
0.361594
-0.052586
0.408571
0.097495
-0.579302
0.633340
0.169693
0.507866
-0.486536
0.042892
0.098517
0.051124
0.073400
-0.339839
0.142095
0.004772
0.368802
0.290965
-0.395391
-0.217193
0.715671
0.165069
-0.405336
0.300398
-0.228236
-0.490765
-0.003306
-0.070249
0.142537
0.101415
0.344725
-0.142229
-0.119864
0.210837
-0.088892
0.058931
0.535941
-0.207828
-0.244528
0.243587
-0.028809
0.013636
-0.037505
0.058099
0.104247
-0.028716
-0.481339
0.448243
0.057788
0.305121
-0.210461
-0.355510
-0.062159
-0.380797
-0.536596
-0.060634
0.307952
0.069570
0.162615
0.625933
-0.100053
-0.145456
-0.106993
-0.021775
0.019803
-0.044156
0.281400
0.204486
0.184684
-0.353958
0.078207
0.013075
0.456032
-0.190363
-0.011442
0.078550
0.257923
-0.419187
0.196847
0.031849
0.058574
0.175966
-0.058831
0.110121
0.056046
0.571545
-0.182581
-0.457317
-0.188630
-0.615517
-0.541066
-0.247328
-0.009222
-0.417228
-0.510088
0.027018
-0.183141
0.271401
0.158615
0.178757
-0.178220
-0.243971
-0.457280
0.215775
-0.098635
0.278564
-0.497722
-0.089924
-0.118492
0.285229
-0.045225
0.072573
0.363366
-0.027700
0.113928
0.445271
-0.439601
0.111579
-0.339080
0.068237
0.116405
-0.095585
0.489017
-0.329763
0.317228
0.378971
-0.140378
0.305099
-0.457396
0.004439
0.277742
-0.007875
0.289895
0.161518
-0.197615
-0.078128
-0.142108
-0.146753
-0.027572
0.088115
0.321362
0.229400
0.330888
-0.038043
-0.210043
-0.156799
0.180006
-0.522960
0.455770
-0.071572
0.227817
-0.062974
0.136902
0.449464
-0.026316
-0.363110
0.114613
0.083454
0.133142
-0.715894
-0.432617
-0.308007
0.283574
0.037887
0.179804
0.214222
-0.177170
-0.063407
0.184536
0.410440
-0.253850
-0.283894
-0.407242
0.082188
-0.098187
-0.351695
0.071637
0.450488
-0.520983
0.050342
0.175320
0.294632
0.164796
-0.214567
-0.168220
0.046017
-0.129794
0.033770
-0.218654
-0.237813
-0.055667
0.155689
-0.060725
0.099686
0.137198
-0.048090
-0.440740
-0.526481
-0.161690
0.318139
-0.279662
-0.314346
0.157278
-0.138008
0.010120
0.212647
-0.164891
-0.137115
-0.273548
0.350634
0.113882
0.127304
-0.503044
-0.117401
0.295596
-0.243878
0.357647
-0.439852
0.063194
0.096254
0.375624
0.104210
-0.041809
0.638872
0.070503
0.164424
-0.082885
0.300921
0.654984
-0.380199
0.264024
-0.019003
-0.493652
0.104575
0.035946
0.376880
-0.241503
0.149006
-0.421296
0.044007
0.105802
0.193401
0.213263
-0.037432
0.185658
-0.152478
-0.093037
-0.151794
-0.344954
-0.307015
-0.270466
-0.202735
0.054274
-0.113083
0.104814
-0.398117
-0.232081
-0.346860
0.453988
0.017785
0.047069
0.048635
-0.400920
-0.220491
-0.218440
0.001945
0.060566
-0.070396
-0.246751
0.073266
0.608843
-0.318461
-0.123888
-0.538438
0.146015
-0.225943
-0.080338
0.056745
-0.177308
-0.044311
0.152836
0.041395
0.733441
-0.104004
-0.061598
0.104247
-0.033315
0.219234
-0.131274
0.424173
-0.312501
-0.072424
0.208234
-0.286500
-0.098426
0.294857
-0.078135
0.065825
0.034154
0.133301
-0.231565
0.334742
0.364713
-0.281311
-0.424544
0.020971
-0.209711
0.215297
0.296792
-0.478228
0.478092
-0.039707
0.185261
0.409553
-0.012978
-0.037131
-0.042159
-0.068327
0.047688
0.130402
-0.042190
0.311996
-0.405868
-0.082491
0.455040
-0.382913
-0.049689
0.064039
0.050237
-0.042174
-0.238126
-0.120065
0.480966
0.097444
0.288779
-0.208657
0.246356
0.021633
-0.357749
0.069986
-0.270045
-0.013019
0.061893
0.385828
-0.246814
-0.208154
-0.071272
0.236976
-0.314079
-0.505083
-0.045036
0.200433
0.146217
-0.356098
0.191736
-0.088398
-0.214796
0.109482
0.213013
0.116146
0.188289
-0.335575
-0.089924
0.074805
-0.025552
0.136033
-0.013722
0.174052
-0.314151
0.321626
-0.037782
0.098932
0.109402
0.434191
-0.309038
0.009091
-0.037456
-0.301159
-0.179470
0.272248
-0.288889
-0.191168
0.015156
0.362401
-0.635965
-0.096568
0.387475
0.226013
0.417388
0.537068
0.024561
-0.382450
-0.265493
-0.351154
-0.075201
0.216116
-0.380633
-0.194918
0.143225
-0.225049
0.371799
-0.251436
0.241227
-0.116292
-0.402075
0.141429
0.037602
0.298287
-0.176749
-0.113323
-0.015824
0.173177
-0.135301
-0.269521
-0.153417
-0.175553
-0.331841
-0.234984
0.125974
0.388710
-0.068951
0.035881
-0.116458
-0.227569
-0.399333
0.116728
-0.047384
0.365000
0.075503
-0.072880
-0.159507
0.296110
-0.044587
0.424519
-0.303351
-0.039758
0.125408
-0.120716
0.246356
0.118295
0.258176
-0.263861
0.084800
-0.171246
-0.434274
0.079577
-0.045176
0.055818
-0.150946
0.052488
-0.539876
0.134092
0.151360
0.709602
0.145352
0.047069
-0.039798
0.416267
0.150787
-0.212139
-0.406207
-0.101160
-0.168846
-0.209420
0.411938
0.147629
0.228568
-0.160832
-0.047977
-0.100349
0.030623
-0.079980
0.644499
0.196500
0.046571
-0.164084
-0.104351
-0.568883
-0.085868
-0.023198
-0.007991
-0.274343
-0.314425
-0.228445
-0.210630
-0.004359
0.188821
-0.173286
0.028319
0.140122
0.229141
0.185207
0.138667
0.019264
-0.015416
0.001066
-0.164788
0.010560
-0.368604
-0.360412
0.114321
-0.298150
-0.258372
0.026812
-0.355711
0.322401
-0.079556
0.087868
0.049866
-0.027626
0.283129
-0.228811
-0.521702
-0.101511
0.325297
0.097471
-0.148853
-0.323719
0.407048
-0.068575
0.147248
-0.241497
-0.288913
-0.398850
0.066178
0.056046
-0.055409
0.145571
0.101110
0.229462
0.635334
-0.439376
0.126202
-0.096024
-0.137334
-0.134295
-0.447934
-0.191169
-0.357414
-0.011226
0.365152
-0.213629
0.118846
0.062090
0.086976
0.456533
0.135060
-0.320564
-0.160246
-0.250903
0.081963
-0.289348
0.335964
-0.121722
0.315140
0.040972
0.057401
0.268005
0.553569
0.392746
0.094266
-0.116915
-0.290535
0.206931
0.052663
0.405058
0.239145
-0.314346
-0.174148
-0.611418
-0.086651
0.404333
-0.335024
0.354704
0.106750
-0.067891
-0.156801
0.266187
-0.253227
-0.342492
0.063466
-0.252128
-0.184588
-0.072424
0.157963
-0.275788
0.419152
-0.392865
-0.633321
0.098590
0.352007
-0.244221
0.237095
0.770362
0.018395
0.759279
0.469478
-0.076848
0.535941
0.111877
-0.445325
0.097451
0.033278
-0.437949
0.166629
-0.052776
0.080916
-0.101785
-0.166543
-0.278004
0.010199
0.068388
-0.008990
-0.627080
-0.260526
0.234830
-0.088410
-0.059492
0.072163
-0.404019
0.209814
-0.066154
0.302540
-0.064013
0.137854
-0.107432
-0.001243
-0.311512
-0.161169
0.078550
-0.538566
-0.555340
-0.032445
0.224375
-0.183159
0.163462
-0.179314
-0.654088
0.416246
-0.197306
-0.030777
0.073980
-0.103724
0.255826
0.189350
-0.007404
0.499350
0.261602
0.150987
0.047793
-0.190021
-0.128483
-0.061400
-0.622520
-0.428385
-0.142870
0.030761
0.234666
-0.160410
0.347766
-0.077287
-0.115679
-0.068534
-0.031433
0.258554
-0.378851
0.077190
0.044514
0.337244
-0.193105
-0.085268
0.056420
0.070044
0.250367
0.005229
0.115080
-0.087524
0.446118
-0.339401
-0.158391
-0.191543
0.176742
-0.435518
-0.426378
-0.204854
-0.184165
0.142569
-0.270111
-0.699086
0.012758
-0.049062
-0.419830
0.418282
0.091397
-0.186572
0.105311
-0.439093
0.291895
0.231107
0.464609
-0.049860
-0.200631
-0.121340
-0.213375
0.107491
0.499233
-0.070076
-0.126055
-0.283894
0.221707
-0.083966
-0.039607
-0.222679
-0.022219
-0.213347
0.402684
0.108957
0.049910
-0.066907
-0.131886
-0.374766
-0.017108
-0.243208
-0.615442
-0.137109
-0.408826
-0.261235
0.013144
-0.473301
-0.070310
-0.142562
-0.193161
-0.059157
-0.182774
0.556985
0.138393
-0.452625
-0.479251
-0.169056
-0.024163
0.018744
-0.057233
-0.049477
-0.069395
0.269617
0.122252
-0.153313
0.144011
-0.162776
0.384840
-0.572955
-0.273365
-0.213997
-0.194270
0.248272
-0.056041
-0.520034
-0.024314
-0.385147
-0.174942
0.288089
-0.154024
0.043355
0.534248
-0.384976
-0.240683
-0.073611
0.084099
-0.502828
0.232490
0.327720
0.254140
-0.071572
-0.075989
0.063494
0.242396
-0.209305
0.038073
-0.027123
-0.146575
0.266083
0.264647
-0.135620
0.071309
-0.058367
-0.109547
0.556937
-0.267889
-0.520171
-0.296777
0.478906
0.133947
-0.333462
0.291991
0.225983
0.280032
-0.125631
0.175031
-0.078344
0.010168
-0.453976
-0.013563
-0.014720
-0.212367
0.001551
0.236936
-0.133587
-0.203963
0.150193
0.099952
0.144775
0.160922
-0.044069
-0.273761
0.006339
-0.256309
0.035963
-0.900146
-0.366575
0.339401
0.028870
0.253085
-0.082877
-0.075911
-0.078977
0.137935
-0.190092
0.354068
-0.169945
-0.114443
0.042368
-0.024666
0.138533
0.059830
0.243300
0.109307
0.370999
0.122250
-0.605144
-0.367807
0.377753
-0.199903
-0.171260
0.379617
-0.334580
-0.013644
0.402577
-0.248509
0.352901
-0.251475
-0.063588
-0.133706
0.122531
-0.053925
-0.093708
0.024061
0.319604
0.268514
-0.118846
0.165535
0.269337
0.386289
-0.262099
0.205073
-0.072163
0.046571
-0.047195
0.322764
-0.308463
-0.105813
-0.225251
-0.292055
0.438643
-0.522142
0.377642
-0.528947
0.158193
0.139111
-0.295640
-0.336200
0.265713
0.256605
-0.013367
-0.119159
-0.353348
0.228933
0.195764
-0.237164
-0.251595
0.400866
0.009091
0.187797
0.145660
0.017476
-0.218561
0.036482
-0.269364
-0.080708
-0.037219
0.105206
0.084638
-0.248010
-0.874673
0.258978
-0.330746
-0.224360
0.534505
-0.160509
0.056202
-0.438550
-0.415783
-0.511959
0.027733
-0.123043
0.316285
0.137923
0.128122
0.053970
0.012929
-0.090889
-0.559384
-0.001157
-0.316608
-0.061400
0.130469
-0.134892
-0.041952
-0.220272
0.093072
0.060718
0.267924
-0.103628
0.294907
0.031518
0.520112
-0.301768
-0.077798
-0.463853
0.212833
-0.063588
0.257828
0.153935
-0.340673
0.001711
-0.171772
-0.323546
-0.387726
-0.384319
-0.113685
-0.481800
0.139676
-0.134295
0.617507
-0.039753
0.123169
0.071231
-0.022503
-0.056117
-0.646095
0.273059
-0.501113
-0.063626
-0.283095
0.119644
-0.084499
-0.121285
-0.140337
-0.074941
0.139574
0.023913
0.120597
-0.410365
0.020745
-0.104799
-0.239558
-0.092591
0.005946
-0.067220
0.387195
-0.470615
0.055060
0.239463
0.008407
0.056312
-0.100237
-0.009256
0.155074
0.246270
-0.377277
0.000660
-0.126671
0.273329
-0.186177
0.101865
-0.013563
-0.568620
-0.008847
-0.470857
-0.195719
-0.178166
0.210383
-0.359835
-0.362425
-0.318440
-0.312076
-0.110290
-0.026933
-0.440305
-0.175035
-0.144461
-0.212461
-0.091086
-0.034037
-0.015599
0.050940
0.181244
0.313736
-0.018520
-0.133644
0.453569
0.269337
-0.384595
0.098640
0.098640
-0.301445
0.245632
-0.203131
-0.254848
-0.042042
0.294226
0.343939
-0.297262
0.040577
0.089413
0.229582
0.330145
-0.284002
-0.220341
0.083282
-0.089399
0.321150
-0.226516
-0.197908
-0.144141
0.168694
0.103005
-0.062559
0.526416
-0.074941
0.322545
-0.176524
-0.024151
-0.108466
-0.177308
-0.273761
-0.554184
-0.102365
-0.023891
0.084693
0.114613
-0.319042
-0.082633
-0.032843
-0.181652
0.012410
0.158327
-0.178107
-0.131565
0.000159
-0.291144
-0.097738
-0.068678
-0.367318
0.465830
-0.041751
-0.324823
-0.325303
0.049614
0.063479
-0.380839
0.013471
0.137935
-0.060032
0.419978
0.388458
-0.489574
-0.388103
-0.128483
-0.126550
-0.218030
0.426563
0.056696
-0.246332
0.383794
0.127304
-0.197569
-0.100053
0.219812
0.292289
-0.214293
-0.368630
0.018696
0.485002
0.585375
0.020963
-0.316572
0.133057
-0.026502
-0.407369
-0.348474
-0.346985
-0.162358
0.343397
0.136188
-0.195643
0.254425
0.165007
-0.394261
-0.222730
-0.257584
-0.096011
-0.174606
-0.349796
-0.232512
-0.023695
0.032124
0.120745
0.057248
-0.439322
-0.060643
-0.347945
0.190135
0.493250
0.046693
-0.479876
-0.005532
0.285900
0.379966
-0.220143
-0.539264
0.193574
-0.316585
-0.383434
-0.344684
0.190503
-0.059264
0.075012
-0.413172
0.118143
-0.205864
0.214660
0.156260
-0.135849
0.035086
-0.213059
0.630056
0.386046
-0.389665
-0.068870
0.295050
0.057257
-0.673253
-0.113578
-0.035106
-0.399117
-0.142108
-0.199383
0.114419
0.012120
-0.079670
0.055182
0.189749
0.215599
-0.112757
0.319361
-0.005709
-0.367108
0.035108
0.198146
0.501586
-0.173401
0.118771
-0.306350
-0.127792
-0.086643
0.268342
0.334906
-0.001699
0.485601
0.122602
0.106558
-0.031548
0.046693
0.217668
0.151639
-0.145000
0.107976
0.130050
-0.081444
0.179619
-0.072135
0.701895
0.282405
0.055613
0.382684
-0.167020
0.354009
-0.107783
0.239616
-0.135129
-0.180330
0.277669
0.323478
-0.101790
-0.070810
-0.056492
0.321836
0.044697
0.081125
0.370448
-0.536106
0.067848
-0.264690
0.228947
0.098781
-0.299557
-0.183486
-0.371071
-0.245584
0.172280
-0.189353
-0.246637
-0.024922
-0.094712
-0.422345
-0.092365
0.181224
0.385022
-0.051118
0.109827
-0.077726
-0.379904
-0.149162
-0.183422
-0.171367
-0.044479
-0.468588
0.321474
-0.093447
0.056957
0.020982
-0.679407
0.416481
-0.147087
-0.196716
-0.245508
0.109507
0.414298
0.081476
0.144026
0.147917
0.206543
0.133578
0.415616
-0.725234
-0.004927
-0.086986
-0.175241
0.108928
-0.249892
-0.214827
-0.204968
-0.397305
0.149813
0.210072
-0.242583
0.101054
-0.112659
-0.116976
-0.253351
0.177217
-0.250316
0.324351
-0.047516
0.316208
0.251664
-0.067335
-0.201349
-0.057266
-0.321077
-0.023011
0.093522
0.347681
-0.130180
0.197331
0.050845
-0.390725
0.035118
0.422158
0.113979
0.222985
-0.246015
0.376880
-0.175949
-0.249065
-0.297135
0.163931
0.156064
0.160111
-0.416416
-0.355784
0.221022
-0.073635
0.156597
-0.261686
0.051736
-0.064516
0.030349
-0.215552
0.197312
-0.194792
-0.245784
0.168628
-0.208877
-0.212409
-0.331781
0.250849
-0.218790
0.179044
0.011574
0.036112
0.119349
0.299672
0.013200
-0.418670
-0.229661
0.331382
-0.111063
-0.395158
0.017785
-0.268833
-0.037876
0.013144
0.277645
0.093895
0.096067
0.096358
0.035086
-0.375430
-0.094283
-0.225743
-0.537115
0.605285
0.146461
-0.326981
0.083867
-0.287672
0.118419
-0.149212
-0.314284
0.116405
-0.367689
0.370833
0.124799
-0.193793
-0.086289
-0.343365
0.105966
-0.033424
-0.137219
0.001796
-0.253047
0.133842
-0.035767
-0.127149
0.120214
0.174489
-0.318678
0.015979
-0.089305
0.126397
-0.083065
0.053059
0.340278
0.135547
-0.320411
0.050308
-0.157869
-0.299248
0.004142
0.038985
0.183672
0.237263
-0.070249
-0.070249
0.090627
-0.399333
0.040972
-0.294337
0.128386
0.098746
-0.162603
0.274120
-0.368235
-0.096908
-0.133615
-0.636708
0.115791
-0.059412
-0.037100
0.202676
-0.347020
0.051018
-0.087297
0.129072
-0.234245
0.040724
0.529164
-0.253443
-0.237429
0.447666
-0.394572
-0.207795
-0.203751
-0.461568
0.501387
0.339164
0.177920
-0.234548
-0.407544
-0.037703
0.098697
-0.052047
-0.451813
-0.206766
0.192593
-0.148179
-0.063808
-0.483207
-0.119159
0.191283
0.379536
-0.011602
-0.216144
-0.395656
0.373035
-0.178247
-0.049524
0.204949
0.185671
-0.424475
0.163014
-0.378343
0.341395
-0.072163
-0.242201
-0.282256
-0.144742
-0.711330
0.356181
-0.179326
0.010329
-0.381221
-0.077138
-0.325650
0.239649
0.039928
-0.131134
-0.452583
-0.030017
-0.408161
-0.249209
-0.024026
-0.384496
0.244097
-0.244221
0.134929
-0.314197
-0.117436
-0.201782
0.246866
-0.462653
0.137157
0.520440
0.210802
-0.380289
0.143998
0.200726
0.294084
0.006713
-0.136905
0.072418
-0.234460
0.301377
-0.032156
0.277669
-0.238741
0.370999
-0.425099
0.138667
0.006969
0.390456
-0.118316
0.197796
-0.019180
0.145385
0.506249
0.042986
0.170959
0.451342
-0.081961
-0.090523
0.188748
0.019853
-0.283047
0.162586
0.359469
-0.055640
0.254252
-0.467570
0.564009
0.234769
0.076292
-0.008898
-0.260145
0.152326
0.377589
-0.016623
0.142212
0.292879
0.141497
-0.168606
-0.132790
0.183010
-0.278089
0.008724
0.313270
-0.139315
-0.154781
-0.168059
0.008406
0.002770
-0.227354
-0.382371
-0.013492
-0.039802
-0.042042
0.211043
-0.354624
-0.203255
-0.522567
0.095441
-0.001560
0.069480
-0.255886
0.169594
-0.049524
-0.192264
0.587426
0.170822
-0.197805
0.127929
-0.264060
-0.199743
0.240089
0.055338
0.615346
0.132133
-0.096011
-0.080708
-0.251315
-0.025677
-0.181553
0.102136
0.319180
-0.153799
-0.023695
0.029394
-0.405183
-0.692438
0.073705
-0.241503
-0.183615
-0.241894
-0.370755
-0.199556
-0.327279
0.117398
0.289841
0.442778
-0.292223
0.039700
0.034644
0.127723
0.316721
-0.221442
-0.290310
0.081395
0.060266
-0.596106
-0.316528
-0.005741
-0.258203
-0.039591
-0.190907
0.132618
0.055409
0.088452
0.313525
0.133738
0.115075
0.363328
-0.470891
0.251633
-0.300443
-0.105570
-0.155889
0.076828
-0.217682
0.016884
-0.052586
-0.230222
0.162707
-0.060944
-0.189755
0.077572
-0.319261
0.132754
0.383191
-0.086694
-0.269917
0.165181
-0.116139
-0.164252
-0.246546
0.387796
0.113527
-0.269070
-0.276342
0.099777
0.006000
-0.013432
0.057788
-0.110769
-0.131334
0.336195
0.191650
-0.407918
-0.420916
0.084349
-0.073635
-0.002219
0.567272
-0.303074
-0.400588
-0.189172
-0.013814
-0.138137
-0.361137
-0.096495
-0.448280
0.206783
-0.110129
0.014688
-0.278969
-0.025257
0.103200
0.380937
-0.135420
0.208179
-0.124286
-0.135196
0.208026
-0.118846
-0.187110
0.234588
0.032462
0.169030
0.312439
-0.366159
-0.340222
-0.186543
-0.100053
-0.096740
-0.073774
-0.089772
-0.139402
-0.395340
-0.259520
-0.037574
0.197983
-0.283828
0.051067
-0.085472
-0.555216
-0.168492
0.016948
0.258784
0.068825
0.097495
-0.476734
-0.544166
0.205689
-0.125788
-0.306478
0.038044
-0.626289
0.164147
0.000127
0.303938
-0.207729
-0.106560
-0.067078
-0.059621
-0.122555
0.444691
0.389257
0.026825
0.495743
0.157963
0.061988
0.726589
0.205876
-0.409663
0.098682
-0.181993
0.147081
-0.250992
0.079129
-0.006271
-0.348599
0.124413
0.158530
-0.188395
-0.104372
0.413490
-0.059484
0.199924
0.128913
-0.134253
-0.143531
-0.006528
-0.096053
-0.076937
-0.086271
-0.212738
0.044263
0.118598
0.247301
-0.288828
0.119766
0.191833
0.099603
-0.170021
0.057715
0.378520
-0.161145
0.006666
-0.172170
0.155123
-0.294073
0.053214
-0.263206
0.128502
-0.289114
-0.525980
-0.391368
-0.142935
0.039290
0.050159
0.066994
-0.287463
-0.283085
0.031314
-0.428257
0.113015
0.188002
0.031471
-0.571462
0.020443
0.293546
-0.039646
-0.615517
-0.136450
-0.128273
-0.189334
-0.200515
0.080825
0.234780
-0.148058
-0.134213
-0.012777
-0.524889
0.230221
0.429161
-0.331724
-0.169722
-0.270045
-0.214721
-0.150949
0.220181
0.095158
-0.272416
0.249236
0.095245
0.097420
-0.529498
0.226898
-0.308295
0.405649
-0.112134
0.176751
0.351417
0.196504
-0.116869
0.010141
0.318935
-0.158327
-0.382249
0.124308
-0.212767
0.064918
-0.588606
-0.477863
-0.270813
-0.059209
-0.243639
0.485205
0.174772
0.234894
-0.510554
0.241704
0.126357
-0.153417
0.293072
-0.028023
-0.477070
-0.503739
0.113503
-0.035590
-0.413566
0.698846
-0.115877
0.176742
-0.611287
-0.066103
0.421716
0.001207
-0.262897
0.571064
-0.265347
-0.279318
-0.106638
0.130848
-0.531238
-0.175141
0.496469
-0.023026
0.027700
0.267226
-0.375381
0.151152
-0.321452
-0.163725
-0.088721
-0.344861
-0.190555
-0.566669
0.257624
0.198242
-0.217682
-0.171708
-0.173286
0.117740
0.061307
-0.060524
-0.084185
-0.158463
-0.432286
-0.190493
-0.388890
-0.246678
0.483071
0.125408
0.148131
-0.105141
0.268676
-0.074941
-0.155678
-0.286742
-0.173943
-0.423013
0.207452
-0.506662
-0.100237
-0.177170
0.194193
-0.086670
0.120597
0.106094
0.057119
0.135366
0.291029
0.033044
-0.120975
0.196262
0.136736
0.185018
0.166684
0.127304
0.080621
-0.329018
0.139236
-0.429358
-0.055655
0.302051
-0.137372
0.024428
-0.196926
0.108573
-0.062715
0.278118
-0.212793
-0.183640
-0.138647
0.257273
0.027664
-0.180505
0.014171
0.121167
0.135735
0.334094
0.592950
0.006407
-0.136862
-0.091537
0.330895
-0.418441
0.110583
-0.294963
0.216519
-0.249675
0.417940
0.019180
0.054206
0.097458
0.225933
0.091564
-0.702753
0.700425
0.126862
-0.078250
0.638413
0.096281
0.110583
-0.196620
0.395303
-0.251096
-0.026622
-0.101302
-0.062452
0.230407
0.031471
0.339317
-0.043378
0.004298
0.154080
-0.250881
-0.620837
-0.278396
-0.287499
0.276488
0.089413
0.079189
0.262745
-0.112119
0.193366
-0.453809
-0.295083
-0.373040
0.005229
0.330828
-0.216333
0.271944
0.226398
0.077866
-0.358531
0.106224
-0.355072
0.414197
0.325513
-0.255308
0.042584
-0.135849
0.336655
0.190625
0.494735
0.265206
-0.125758
-0.161738
0.146764
0.196819
0.283232
-0.091086
0.133009
0.004439
0.013911
-0.035193
0.577356
0.224443
-0.395976
0.240173
0.022326
-0.028622
-0.370586
0.162757
0.234840
0.410938
-0.558485
-0.372784
0.017476
0.207553
-0.098764
-0.149751
-0.731784
-0.054300
0.431529
0.133750
0.184684
-0.003472
0.137699
-0.238850
0.377753
0.265460
0.048077
-0.196733
-0.346907
-0.394478
0.006956
0.055971
-0.278044
-0.214293
-0.138369
-0.051674
0.224194
-0.009529
-0.288342
0.000937
-0.200105
0.633670
0.372043
0.250291
-0.088121
-0.050412
0.634169
0.221956
-0.350062
-0.210137
-0.308034
0.219955
-0.151943
-0.187249
-0.089701
-0.437526
0.350145
0.086339
0.320107
-0.324103
0.096382
-0.144434
0.120730
0.045497
-0.062462
0.216922
-0.229152
-0.039747
0.057248
-0.242755
0.186569
-0.029541
0.359505
-0.063231
-0.090286
-0.085212
0.054500
0.406618
0.429435
0.073266
-0.132056
0.117398
0.366481
0.121859
-0.033323
0.483288
0.627877
0.068982
0.062072
-0.056174
0.299672
-0.188052
-0.316585
-0.007741
-0.213059
0.381045
0.402601
0.493799
-0.226395
0.032656
-0.097181
-0.099575
-0.034775
-0.065951
0.300050
-0.441111
-0.397620
-0.284418
0.120309
0.232368
-0.035662
0.487673
0.158136
0.103948
-0.000504
-0.120381
-0.052399
-0.306504
-0.140671
-0.123933
-0.010330
-0.100745
0.433429
0.105967
0.012060
0.359032
-0.012083
-0.501110
-0.154150
-0.404559
-0.184936
0.415819
0.119211
0.121316
-0.196039
-0.326778
0.015135
-0.126975
-0.155485
0.124178
-0.032122
-0.088512
-0.258414
0.304461
0.088640
-0.065373
0.165316
-0.058458
-0.256794
-0.212207
-0.180083
-0.243707
-0.220244
0.004142
0.288910
-0.201845
0.284387
-0.289320
0.148659
0.052525
0.570078
-0.533877
-0.188465
-0.064013
0.267853
-0.463100
-0.234715
0.470807
0.430373
-0.308208
-0.013492
-0.051713
-0.301720
-0.287014
0.149422
-0.610084
-0.208992
-0.265107
0.020987
-0.216787
0.148325
-0.206309
0.100847
0.149304
0.184836
0.176742
0.312372
-0.395994
-0.366489
0.089326
0.205263
0.062899
0.297529
0.104045
0.019180
0.148911
-0.100970
-0.466960
-0.136630
-0.119768
-0.283366
0.165007
0.010168
0.052470
-0.036522
0.137935
-0.574451
0.224285
-0.241293
0.345161
-0.170563
0.205527
-0.264174
0.184577
-0.175553
-0.118876
0.471852
0.207296
-0.402634
0.215882
0.270287
0.384183
0.316080
-0.217616
-0.257584
0.184748
-0.263773
-0.287079
0.190790
-0.509245
0.110121
-0.102696
0.269490
0.060522
-0.350398
-0.188395
-0.215629
-0.603639
-0.142507
-0.115260
-0.018264
0.072737
-0.124921
0.528904
0.324069
0.276917
0.297052
-0.521512
-0.325723
-0.204642
-0.032122
-0.197980
0.110373
0.436390
-0.356736
-0.440584
0.344464
-0.019313
-0.105437
0.107264
0.103440
0.321336
-0.152793
0.385220
0.210636
0.349323
0.761361
-0.278853
-0.334171
-0.150442
0.129684
0.048922
0.039928
0.263036
0.597226
0.080614
0.093291
0.033285
-0.027243
-0.032156
0.112792
-0.139603
