AUS_WAL_OA_0010	1911647	136.09	185	151	100	94.2
AUS_WAL_OA_0011	2177780	155.04	192	173	141	97.7
AUS_WAL_OA_0012	1752249	124.74	160	139	101	97.4
AUS_WAL_OA_0013	2393046	170.36	205	191	155	98.3
AUS_WAL_OA_0014	1999908	142.37	179	154	122	97.2
AUS_WAL_OA_0015	14489556	1031.51	500	500	500	99.4
AUS_WAL_OA_001	2834172	201.76	231	223	210	98.8
AUS_WAL_OA_008	7876130	560.70	500	500	375	98.7
AUS_WAL_OA_009	2648657	188.56	222	211	181	98.3
AUS_WAL_OA_010	2817530	200.58	232	226	209	98.9
AUS_WAL_OA_011	2773363	197.43	229	222	202	98.3
AUS_WAL_OA_012	2426123	172.71	210	194	160	98.2
AUS_WAL_OA_013	2402230	171.01	207	193	155	97.5
AUS_WAL_OA_014	1581238	112.57	148	123	88	96.6
AUS_WAL_OA_015	2382986	169.64	207	188	151	98.0
BEN_BEN_OA_0010	7090	0.50	2	1	1	0.0
BEN_BEN_OA_0011	22676	1.61	3	2	1	0.0
BEN_BEN_OA_0012	260708	18.56	25	20	14	68.4
BEN_BEN_OA_0015	80491	5.73	8	7	5	0.7
BEN_BEN_OA_001	420247	29.92	41	33	23	85.3
BEN_BEN_OA_006	22428	1.60	3	2	1	0.0
BEN_BEN_OA_007	1836505	130.74	166	146	116	96.5
BEN_BEN_OA_008	894164	63.66	82	72	53	93.8
BEN_BEN_OA_009	550813	39.21	51	44	32	90.4
BEN_BEN_OA_010	1080787	76.94	99	86	61	93.7
BEN_BEN_OA_011	230626	16.42	23	18	13	64.0
BEN_BEN_OA_012	8185	0.58	2	1	1	0.0
BEN_BEN_OA_013	115738	8.24	12	9	6	9.2
BRA_BRA_OA_0010	27984	1.99	4	3	2	0.0
BRA_BRA_OA_0011	99744	7.10	10	8	5	5.8
BRA_BRA_OA_0012	226022	16.09	21	18	14	64.9
BRA_BRA_OA_0013	6280529	447.11	500	479	400	99.0
BRA_BRA_OA_0014	31712	2.26	4	3	2	0.0
BRA_BRA_OA_0015	3951380	281.30	339	306	259	98.7
BRA_BRA_OA_001	96480	6.87	10	8	5	2.5
BRA_BRA_OA_008	187062	13.32	18	15	11	46.0
BRA_BRA_OA_009	221640	15.78	21	17	12	54.7
BRA_BRA_OA_010	120236	8.56	12	10	7	5.8
BRA_BRA_OA_011	132722	9.45	13	10	7	14.4
BRA_BRA_OA_012	76136	5.42	8	6	4	0.3
BRA_BRA_OA_013	150487	10.71	15	12	9	21.9
BRA_BRA_OA_014	132942	9.46	14	11	7	15.3
BRA_BRA_OA_015	209625	14.92	20	16	12	55.5
CAP_CAP_CH_0010	2038432	145.12	174	160	138	98.5
CAP_CAP_CH_0011	448091	31.90	42	34	26	90.8
CAP_CAP_CH_0012	8653	0.62	2	1	1	0.0
CAP_CAP_CH_0013	1373197	97.76	118	109	94	97.7
CAP_CAP_CH_0014	1164549	82.90	99	90	79	97.3
CAP_CAP_CH_0015	2699586	192.18	221	214	197	98.6
CAP_CAP_CH_001	7706	0.55	2	1	1	0.0
CAP_CAP_CH_008	461034	32.82	42	36	28	90.9
CAP_CAP_CH_009	98518	7.01	10	8	6	1.9
CAP_CAP_CH_010	23358	1.66	4	2	1	0.0
CAP_CAP_CH_011	83224	5.92	9	7	5	0.0
CAP_CAP_CH_012	18743	1.33	3	2	1	0.0
CAP_CAP_CH_013	781733	55.65	69	59	48	96.2
CAP_CAP_CH_014	294542	20.97	28	22	16	76.8
FRA_BER_CH_001	1370915	97.59	120	108	88	96.7
FRA_BER_CH_002	1923108	136.91	165	149	125	97.7
FRA_BER_CH_003	2713483	193.17	225	217	200	97.5
FRA_BER_CH_004	1822456	129.74	160	143	110	97.1
FRA_BOL_CH_001	2644792	188.28	219	212	198	98.0
FRA_BOL_CH_002	2604703	185.43	215	207	191	97.9
FRA_BOL_CH_003	2653982	188.94	220	211	195	97.5
FRA_BOL_CH_004	73401419	5225.42	500	500	500	99.2
FRA_CER_CH_001	1259735	89.68	115	97	69	97.8
FRA_CER_CH_002	419357	29.85	40	32	23	88.0
FRA_CER_CH_003	2548827	181.45	209	202	187	97.9
FRA_CER_CH_004	1500372	106.81	145	119	78	95.4
FRA_DEL_OA_001	103295	7.35	11	8	6	4.2
FRA_DEL_OA_002	2243689	159.73	190	177	150	98.3
FRA_DEL_OA_003	109829	7.82	11	9	6	5.9
FRA_DEL_OA_004	145545	10.36	15	11	8	20.6
FRA_GAR_OA_001	13536500	963.66	500	500	500	99.9
FRA_GAR_OA_002	783449	55.77	69	60	48	95.9
FRA_GAR_OA_003	580864	41.35	54	44	32	92.7
FRA_GAR_OA_004	2083697	148.34	173	164	149	99.0
FRA_GCH_CH_001	2644743	188.28	219	213	190	98.8
FRA_GCH_CH_002	531270	37.82	50	39	28	91.7
FRA_GCH_CH_003	2458456	175.02	205	197	175	97.9
FRA_GCH_CH_004	2221417	158.14	183	175	159	98.7
FRA_GRO_CH_001	2271601	161.71	185	176	165	98.5
FRA_GRO_CH_002	2359131	167.95	196	186	170	97.8
FRA_GRO_CH_003	2371880	168.85	195	186	173	97.9
FRA_GRO_CH_004	2555608	181.93	211	205	188	98.7
FRA_HAI_OA_001	667705	47.53	59	50	43	93.6
FRA_HAI_OA_002	263984	18.79	26	21	14	70.0
FRA_HAI_OA_003	830345	59.11	75	63	50	95.5
FRA_HER_OA_001	958797	68.26	84	72	63	96.7
FRA_HER_OA_002	1737754	123.71	156	134	101	97.4
FRA_HER_OA_003	477757	34.01	44	36	27	89.9
FRA_HER_OA_004	1266544	90.16	117	95	69	97.5
FRA_HOC_CH_001	136928	9.75	14	10	7	18.7
FRA_HOC_CH_002	2738437	194.95	227	220	206	98.0
FRA_HOC_CH_003	2013958	143.37	171	156	133	98.5
FRA_HOC_CH_004	1984900	141.30	171	158	136	97.1
FRA_HUM_CH_001	2302347	163.90	204	173	140	98.8
FRA_HUM_CH_002	2384437	169.75	200	191	172	97.3
FRA_HUM_CH_003	1763954	125.58	147	136	122	99.3
FRA_HUM_CH_004	2539523	180.79	211	201	188	97.2
FRA_INB_OA_001	1698223	120.90	148	133	111	97.3
FRA_INB_OA_002	14993907	1067.41	500	500	500	98.9
FRA_INB_OA_003	934697	66.54	86	72	51	95.8
FRA_INB_OA_004	294573	20.97	29	22	16	76.7
FRA_LAR_OA_001	332279	23.65	30	25	20	88.0
FRA_LAR_OA_002	212267	15.11	20	17	13	58.4
FRA_LAR_OA_003	1201208	85.51	107	94	77	96.3
FRA_LAR_OA_004	1013565	72.16	93	77	60	96.9
FRA_LAT_OA_000	80249	5.71	9	7	5	0.7
FRA_LAT_OA_001	290764	20.70	28	23	17	78.2
FRA_LAT_OA_002	409746	29.17	38	31	23	87.2
FRA_LAT_OA_003	66195	4.71	8	5	3	0.2
ITA_NAP_CH_0010	2852309	203.05	233	226	211	99.2
ITA_NAP_CH_001	1945300	138.49	187	157	101	94.9
ITA_NAP_CH_003	6793223	483.61	500	500	320	96.0
ITA_NAP_CH_004	44380863	3159.45	500	500	500	96.5
ITA_NAP_CH_005	1973177	140.47	189	156	101	94.9
ITA_NAP_CH_006	21235219	1511.73	500	500	500	96.4
ITA_NAP_CH_007	1946496	138.57	190	156	91	94.6
ITA_NAP_CH_008	1887138	134.34	186	152	87	94.6
ITA_NAP_CH_009	2027349	144.33	191	161	113	94.4
ITA_NAP_CH_010	1630505	116.07	154	134	88	94.1
FRA_ORB_OA_001	6893280	490.73	500	500	333	97.9
FRA_ORB_OA_002	2745381	195.44	228	219	201	97.8
FRA_ORB_OA_003	2651145	188.73	223	212	178	98.6
FRA_ORB_OA_004	2424444	172.60	211	196	155	97.6
FRA_POU_CH_001	2616076	186.24	218	209	189	97.8
FRA_POU_CH_002	24862860	1769.98	500	500	500	99.4
FRA_POU_CH_003	1992708	141.86	167	157	141	97.7
FRA_POU_CH_004	2653859	188.93	220	210	188	98.5
FRA_SER_CH_001	2742065	195.21	228	219	198	98.7
FRA_SER_CH_002	842772	60.00	75	66	54	94.8
FRA_SER_CH_003	1851885	131.83	158	144	123	97.4
FRA_SER_CH_004	1566555	111.52	137	121	96	97.7
FRG_AVE_OA_001	2719230	193.58	222	216	199	98.5
FRG_AVE_OA_002	2022273	143.96	187	167	113	94.9
FRG_AVE_OA_003	2726312	194.09	227	220	203	97.9
FRG_AVE_OA_004	2676389	190.53	221	214	197	97.8
FRG_CES_OA_001	2372575	168.90	198	187	172	97.9
FRG_CES_OA_002	1042373	74.21	98	81	57	92.8
FRG_CES_OA_003	1254529	89.31	118	103	69	93.0
FRG_CES_OA_004	662667	47.17	64	50	34	89.3
FRG_DAV_OA_001	2016773	143.57	176	160	130	96.8
FRG_DAV_OA_002	525394	37.40	49	39	30	91.8
FRG_DAV_OA_003	2552545	181.71	211	202	187	97.5
FRG_DAV_OA_004	9197424	654.76	500	500	496	99.1
FRG_DEJ_OA_001	18674488	1329.43	500	500	500	96.4
FRG_DEJ_OA_002	77878962	5544.17	500	500	500	98.5
FRG_DEJ_OA_003	82425763	5867.86	500	500	500	98.7
FRG_DEJ_OA_004	2552809	181.73	212	204	185	97.6
FRG_MEY_OA_001	1759336	125.25	153	136	110	97.8
FRG_MEY_OA_002	1517505	108.03	134	117	92	96.8
FRG_MEY_OA_003	5856722	416.94	500	434	291	98.7
FRG_ROB_OA_001	1616672	115.09	150	131	89	95.5
FRG_ROB_OA_002	2669932	190.07	223	215	196	97.4
FRG_ROB_OA_003	2260793	160.94	190	181	158	97.4
FRG_ROB_OA_004	2526651	179.87	211	201	177	97.9
IND_IND_CH_001	239066	17.02	24	19	13	65.8
IND_IND_CH_002	9048134	644.13	500	500	443	97.5
IND_IND_CH_003	436916	31.10	43	34	23	83.1
IND_IND_CH_004	691637	49.24	69	52	36	90.3
IND_IND_CH_005	2972200	211.59	282	229	148	96.5
IND_IND_CH_006	1133843	80.72	110	90	59	92.9
IND_IND_CH_007	1549797	110.33	151	126	72	94.1
MOR_MAR_OA_0010	2648868	188.57	221	213	194	97.8
MOR_MAR_OA_0011	1999170	142.32	168	155	134	97.8
MOR_MAR_OA_0012	2635029	187.59	221	212	191	97.6
MOR_MAR_OA_0013	2739717	195.04	226	219	200	97.7
MOR_MAR_OA_0014	32406601	2307.01	500	500	500	99.6
MOR_MAR_OA_0015	6711595	477.80	500	500	416	99.1
MOR_MAR_OA_001	2422271	172.44	205	192	171	97.7
MOR_MAR_OA_002	594795	42.34	56	44	32	92.3
MOR_MAR_OA_003	2363232	168.24	197	187	173	98.3
MOR_MAR_OA_005	1705868	121.44	148	135	113	97.0
MOR_MAR_OA_006	736534	52.43	66	55	45	96.0
MOR_MAR_OA_008	2741881	195.19	224	218	205	97.9
MOR_MAR_OA_009	50108975	3567.24	500	500	500	99.6
NAM_NAM_CH_0010	11352948	808.21	500	500	500	96.7
NAM_NAM_CH_0011	1712138	121.89	161	138	98	94.8
NAM_NAM_CH_0012	1884772	134.18	179	156	98	95.7
NAM_NAM_CH_0013	2041017	145.30	187	166	117	95.7
NAM_NAM_CH_0014	2030940	144.58	189	169	107	96.6
NAM_NAM_CH_0015	12710858	904.88	500	500	500	97.2
NAM_NAM_CH_001	5277101	375.67	483	393	289	96.6
NAM_NAM_CH_008	399676	28.45	40	31	21	81.9
NAM_NAM_CH_009	2485384	176.93	228	191	127	94.9
NAM_NAM_CH_010	6086452	433.29	500	489	326	96.4
NAM_NAM_CH_011	1665952	118.60	158	134	91	94.8
NAM_NAM_CH_012	1892513	134.73	179	155	106	95.5
NAM_NAM_CH_013	21206308	1509.67	500	500	500	96.7
NAM_NAM_CH_014	1365468	97.21	128	107	74	93.8
NAM_NAM_CH_015	1408946	100.30	133	111	70	94.0
POR_ACO_CH_001	2476575	176.31	204	197	183	98.0
POR_ACO_CH_002	978724	69.67	86	75	63	96.6
POR_ACO_CH_003	1133952	80.73	104	84	69	97.1
POR_ACO_CH_004	479872	34.16	45	35	26	89.7
POR_ACO_CH_005	5069144	360.87	446	385	320	98.8
STA_KOK_OA_0010	1233906	87.84	115	100	69	94.0
STA_KOK_OA_0011	194388	13.84	19	14	10	42.5
STA_KOK_OA_0012	1177095	83.80	104	89	67	97.0
STA_KOK_OA_0013	1785174	127.09	168	141	93	96.2
STA_KOK_OA_0014	2273413	161.84	206	166	124	98.1
STA_KOK_OA_0015	2775371	197.58	228	222	208	98.8
STA_KOK_OA_001	2787597	198.45	229	222	209	98.8
STA_KOK_OA_008	3119666	222.09	276	234	164	99.3
STA_KOK_OA_009	2706242	192.66	223	216	200	98.7
STA_KOK_OA_010	1618992	115.26	153	125	85	95.8
STA_KOK_OA_011	12542168	892.87	500	500	500	100.0
STA_KOK_OA_012	1927767	137.24	168	150	126	97.6
STA_KOK_OA_013	648460	46.16	57	48	38	92.4
STA_KOK_OA_014	854282	60.82	76	65	52	95.5
STA_KOK_OA_015	3663966	260.84	321	281	230	99.3
STA_OND_OA_0010	715805	50.96	64	56	45	94.2
STA_OND_OA_0011	2339198	166.53	196	184	166	97.7
STA_OND_OA_0012	2473013	176.05	207	198	174	97.7
STA_OND_OA_0013	2862787	203.80	236	230	216	98.7
STA_OND_OA_0014	3046869	216.91	242	237	226	99.8
STA_OND_OA_0015	678314	48.29	66	49	32	93.2
STA_OND_OA_001	1961660	139.65	164	156	139	97.5
STA_OND_OA_008	2087542	148.61	183	166	134	97.3
STA_OND_OA_009	357433	25.45	36	26	17	78.7
STA_OND_OA_010	2812001	200.19	231	223	210	98.2
STA_OND_OA_011	2582013	183.81	218	208	178	97.8
STA_OND_OA_012	626042	44.57	63	47	29	91.4
STA_OND_OA_013	626422	44.59	60	48	33	93.1
STA_OND_OA_014	2751253	195.86	227	220	201	97.6
STA_OND_OA_015	628380	44.73	58	46	34	93.4
STA_WHR_OA_0011	1803361	128.38	169	147	97	94.3
STA_WHR_OA_0012	1609987	114.61	151	130	88	94.4
STA_WHR_OA_0013	1541886	109.77	144	119	84	95.2
STA_WHR_OA_0014	2021612	143.92	185	163	108	96.4
STA_WHR_OA_0015	1856567	132.17	174	147	100	96.0
STA_WHR_OA_001	1302588	92.73	129	100	62	92.9
STA_WHR_OA_007	1055106	75.11	103	83	53	92.2
STA_WHR_OA_008	966501	68.80	92	77	48	92.9
STA_WHR_OA_009	848509	60.40	82	65	42	94.5
STA_WHR_OA_010	216048	15.38	22	16	11	53.4
STA_WHR_OA_011	3874985	275.86	353	299	213	97.8
STA_WHR_OA_012	1526037	108.64	146	119	72	94.2
STA_WHR_OA_013	1070565	76.21	105	82	56	92.4
STA_WHR_OA_014	522596	37.20	51	39	25	90.0
STO_STO_CH_001	1938287	137.99	181	160	112	94.6
STO_STO_CH_002	1120301	79.75	107	85	61	92.8
STO_STO_CH_003	1519526	108.17	141	119	77	94.5
STO_STO_CH_004	1249406	88.94	119	91	64	94.8
STO_STO_CH_005	1900576	135.30	186	154	87	94.4
STO_STO_CH_006	1417727	100.93	137	109	74	93.7
STO_STO_CH_007	9825959	699.51	500	500	493	96.5
STO_STO_CH_008	40472935	2881.25	500	500	500	97.6
STO_STO_CH_009	2104704	149.83	197	172	112	96.0
ZAI_ZAI_OA_0010	1520811	108.27	143	122	84	94.5
ZAI_ZAI_OA_0011	1380285	98.26	130	110	74	94.5
ZAI_ZAI_OA_0012	2093071	149.00	187	166	129	97.5
ZAI_ZAI_OA_0013	1305062	92.91	123	103	72	93.8
ZAI_ZAI_OA_0014	3318986	236.28	314	251	169	96.0
ZAI_ZAI_OA_0015	1999815	142.37	182	164	119	95.5
ZAI_ZAI_OA_001	1528236	108.79	141	123	86	94.5
ZAI_ZAI_OA_008	1895465	134.94	174	157	109	95.3
ZAI_ZAI_OA_009	1859025	132.34	170	153	105	95.2
ZAI_ZAI_OA_010	996993	70.98	98	78	49	93.0
ZAI_ZAI_OA_011	9826321	699.53	500	500	458	96.4
ZAI_ZAI_OA_012	1638061	116.61	159	118	76	94.1
ZAI_ZAI_OA_013	1567414	111.58	148	126	83	94.7
ZAI_ZAI_OA_014	898276	63.95	85	68	46	91.9
ZAI_ZAI_OA_015	1951345	138.92	180	161	112	95.1
