lat	lon	sample	Year_stored	reg	iso	iso2	geo	mcov	bio1	bio2	bio3	bio4	bio5	bio6	bio7	bio8	bio9	bio10	bio11	bio12	bio13	bio14	bio15	bio16	bio17	bio18	bio19	ivm
-0.7893	113.9213	IND_IND_CH_002	1996	IND	IND	IND	Oceania	12.68	262	80	89	296	308	219	89	263	262	264	257	3561	366	213	19	1060	656	754	974	0
-0.7893	113.9213	IND_IND_CH_003	1996	IND	IND	IND	Oceania	1.24	262	80	89	296	308	219	89	263	262	264	257	3561	366	213	19	1060	656	754	974	0
-0.7893	113.9213	IND_IND_CH_004	1996	IND	IND	IND	Oceania	1.29	262	80	89	296	308	219	89	263	262	264	257	3561	366	213	19	1060	656	754	974	0
-0.7893	113.9213	IND_IND_CH_005	1996	IND	IND	IND	Oceania	11.07	262	80	89	296	308	219	89	263	262	264	257	3561	366	213	19	1060	656	754	974	0
-0.7893	113.9213	IND_IND_CH_006	1996	IND	IND	IND	Oceania	0.65	262	80	89	296	308	219	89	263	262	264	257	3561	366	213	19	1060	656	754	974	0
-0.7893	113.9213	IND_IND_CH_007	1996	IND	IND	IND	Oceania	2.77	262	80	89	296	308	219	89	263	262	264	257	3561	366	213	19	1060	656	754	974	0
-14.235	-51.9253	BRA_BRA_OA_0013	2003	BRA	BRA	BRA	South.America	5.15	256	131	71	1117	339	155	184	262	240	266	239	1509	264	4	79	739	14	411	42	0
-14.235	-51.9253	BRA_BRA_OA_0015	2003	BRA	BRA	BRA	South.America	5.39	256	131	71	1117	339	155	184	262	240	266	239	1509	264	4	79	739	14	411	42	0
-22.9576	18.4904	NAM_NAM_CH_001	1998	NAM	NAM	NAM	Sub.Tropical.Africa	6.8	197	174	57	4242	328	27	301	235	137	243	137	281	60	0	92	171	4	141	4	0
-22.9576	18.4904	NAM_NAM_CH_0010	1998	NAM	NAM	NAM	Sub.Tropical.Africa	14.14	197	174	57	4242	328	27	301	235	137	243	137	281	60	0	92	171	4	141	4	0
-22.9576	18.4904	NAM_NAM_CH_0011	1998	NAM	NAM	NAM	Sub.Tropical.Africa	4.73	197	174	57	4242	328	27	301	235	137	243	137	281	60	0	92	171	4	141	4	0
-22.9576	18.4904	NAM_NAM_CH_0012	1998	NAM	NAM	NAM	Sub.Tropical.Africa	3.2	197	174	57	4242	328	27	301	235	137	243	137	281	60	0	92	171	4	141	4	0
-22.9576	18.4904	NAM_NAM_CH_0013	1998	NAM	NAM	NAM	Sub.Tropical.Africa	3.36	197	174	57	4242	328	27	301	235	137	243	137	281	60	0	92	171	4	141	4	0
-22.9576	18.4904	NAM_NAM_CH_0014	1998	NAM	NAM	NAM	Sub.Tropical.Africa	3.7	197	174	57	4242	328	27	301	235	137	243	137	281	60	0	92	171	4	141	4	0
-22.9576	18.4904	NAM_NAM_CH_0015	1998	NAM	NAM	NAM	Sub.Tropical.Africa	14.67	197	174	57	4242	328	27	301	235	137	243	137	281	60	0	92	171	4	141	4	0
-22.9576	18.4904	NAM_NAM_CH_008	1998	NAM	NAM	NAM	Sub.Tropical.Africa	0.89	197	174	57	4242	328	27	301	235	137	243	137	281	60	0	92	171	4	141	4	0
-22.9576	18.4904	NAM_NAM_CH_009	1998	NAM	NAM	NAM	Sub.Tropical.Africa	7.67	197	174	57	4242	328	27	301	235	137	243	137	281	60	0	92	171	4	141	4	0
-22.9576	18.4904	NAM_NAM_CH_010	1998	NAM	NAM	NAM	Sub.Tropical.Africa	6.05	197	174	57	4242	328	27	301	235	137	243	137	281	60	0	92	171	4	141	4	0
-22.9576	18.4904	NAM_NAM_CH_011	1998	NAM	NAM	NAM	Sub.Tropical.Africa	2.01	197	174	57	4242	328	27	301	235	137	243	137	281	60	0	92	171	4	141	4	0
-22.9576	18.4904	NAM_NAM_CH_012	1998	NAM	NAM	NAM	Sub.Tropical.Africa	1.94	197	174	57	4242	328	27	301	235	137	243	137	281	60	0	92	171	4	141	4	0
-22.9576	18.4904	NAM_NAM_CH_013	1998	NAM	NAM	NAM	Sub.Tropical.Africa	9.78	197	174	57	4242	328	27	301	235	137	243	137	281	60	0	92	171	4	141	4	0
-22.9576	18.4904	NAM_NAM_CH_014	1998	NAM	NAM	NAM	Sub.Tropical.Africa	2.6	197	174	57	4242	328	27	301	235	137	243	137	281	60	0	92	171	4	141	4	0
-22.9576	18.4904	NAM_NAM_CH_015	1998	NAM	NAM	NAM	Sub.Tropical.Africa	2.69	197	174	57	4242	328	27	301	235	137	243	137	281	60	0	92	171	4	141	4	0
-25.3299	31.0163	STA_WHR_OA_001	2001	STA	STA.3	WHR	Sub.Tropical.Africa	4	189	124	59	2918	277	67	210	221	148	221	148	949	168	13	73	468	42	468	42	1
-25.3299	31.0163	STA_WHR_OA_0011	2001	STA	STA.3	WHR	Sub.Tropical.Africa	1.62	189	124	59	2918	277	67	210	221	148	221	148	949	168	13	73	468	42	468	42	1
-25.3299	31.0163	STA_WHR_OA_0012	2001	STA	STA.3	WHR	Sub.Tropical.Africa	2.39	189	124	59	2918	277	67	210	221	148	221	148	949	168	13	73	468	42	468	42	1
-25.3299	31.0163	STA_WHR_OA_0013	2001	STA	STA.3	WHR	Sub.Tropical.Africa	3.54	189	124	59	2918	277	67	210	221	148	221	148	949	168	13	73	468	42	468	42	1
-25.3299	31.0163	STA_WHR_OA_0014	2001	STA	STA.3	WHR	Sub.Tropical.Africa	2.62	189	124	59	2918	277	67	210	221	148	221	148	949	168	13	73	468	42	468	42	1
-25.3299	31.0163	STA_WHR_OA_0015	2001	STA	STA.3	WHR	Sub.Tropical.Africa	2.71	189	124	59	2918	277	67	210	221	148	221	148	949	168	13	73	468	42	468	42	1
-25.3299	31.0163	STA_WHR_OA_007	2001	STA	STA.3	WHR	Sub.Tropical.Africa	2.15	189	124	59	2918	277	67	210	221	148	221	148	949	168	13	73	468	42	468	42	1
-25.3299	31.0163	STA_WHR_OA_008	2001	STA	STA.3	WHR	Sub.Tropical.Africa	1.37	189	124	59	2918	277	67	210	221	148	221	148	949	168	13	73	468	42	468	42	1
-25.3299	31.0163	STA_WHR_OA_009	2001	STA	STA.3	WHR	Sub.Tropical.Africa	0.91	189	124	59	2918	277	67	210	221	148	221	148	949	168	13	73	468	42	468	42	1
-25.3299	31.0163	STA_WHR_OA_011	2001	STA	STA.3	WHR	Sub.Tropical.Africa	3.57	189	124	59	2918	277	67	210	221	148	221	148	949	168	13	73	468	42	468	42	1
-25.3299	31.0163	STA_WHR_OA_012	2001	STA	STA.3	WHR	Sub.Tropical.Africa	3.93	189	124	59	2918	277	67	210	221	148	221	148	949	168	13	73	468	42	468	42	1
-25.3299	31.0163	STA_WHR_OA_013	2001	STA	STA.3	WHR	Sub.Tropical.Africa	3.59	189	124	59	2918	277	67	210	221	148	221	148	949	168	13	73	468	42	468	42	1
-25.3299	31.0163	STA_WHR_OA_014	2001	STA	STA.3	WHR	Sub.Tropical.Africa	1.89	189	124	59	2918	277	67	210	221	148	221	148	949	168	13	73	468	42	468	42	1
-25.6409	28.1708	STA_OND_OA_001	2001	STA	STA.2	OND	Sub.Tropical.Africa	0.46	179	159	57	4300	292	14	278	220	117	224	117	695	124	6	77	356	20	333	20	0
-25.6409	28.1708	STA_OND_OA_0010	2001	STA	STA.2	OND	Sub.Tropical.Africa	0.81	179	159	57	4300	292	14	278	220	117	224	117	695	124	6	77	356	20	333	20	0
-25.6409	28.1708	STA_OND_OA_0011	2001	STA	STA.2	OND	Sub.Tropical.Africa	1.54	179	159	57	4300	292	14	278	220	117	224	117	695	124	6	77	356	20	333	20	0
-25.6409	28.1708	STA_OND_OA_0012	2001	STA	STA.2	OND	Sub.Tropical.Africa	1.66	179	159	57	4300	292	14	278	220	117	224	117	695	124	6	77	356	20	333	20	0
-25.6409	28.1708	STA_OND_OA_0013	2001	STA	STA.2	OND	Sub.Tropical.Africa	1.88	179	159	57	4300	292	14	278	220	117	224	117	695	124	6	77	356	20	333	20	0
-25.6409	28.1708	STA_OND_OA_0014	2001	STA	STA.2	OND	Sub.Tropical.Africa	1.38	179	159	57	4300	292	14	278	220	117	224	117	695	124	6	77	356	20	333	20	0
-25.6409	28.1708	STA_OND_OA_0015	2001	STA	STA.2	OND	Sub.Tropical.Africa	2.72	179	159	57	4300	292	14	278	220	117	224	117	695	124	6	77	356	20	333	20	0
-25.6409	28.1708	STA_OND_OA_008	2001	STA	STA.2	OND	Sub.Tropical.Africa	1.21	179	159	57	4300	292	14	278	220	117	224	117	695	124	6	77	356	20	333	20	0
-25.6409	28.1708	STA_OND_OA_010	2001	STA	STA.2	OND	Sub.Tropical.Africa	1.96	179	159	57	4300	292	14	278	220	117	224	117	695	124	6	77	356	20	333	20	0
-25.6409	28.1708	STA_OND_OA_011	2001	STA	STA.2	OND	Sub.Tropical.Africa	1.36	179	159	57	4300	292	14	278	220	117	224	117	695	124	6	77	356	20	333	20	0
-25.6409	28.1708	STA_OND_OA_012	2001	STA	STA.2	OND	Sub.Tropical.Africa	2.51	179	159	57	4300	292	14	278	220	117	224	117	695	124	6	77	356	20	333	20	0
-25.6409	28.1708	STA_OND_OA_013	2001	STA	STA.2	OND	Sub.Tropical.Africa	1.59	179	159	57	4300	292	14	278	220	117	224	117	695	124	6	77	356	20	333	20	0
-25.6409	28.1708	STA_OND_OA_014	2001	STA	STA.2	OND	Sub.Tropical.Africa	2.15	179	159	57	4300	292	14	278	220	117	224	117	695	124	6	77	356	20	333	20	0
-25.6409	28.1708	STA_OND_OA_015	2001	STA	STA.2	OND	Sub.Tropical.Africa	3.85	179	159	57	4300	292	14	278	220	117	224	117	695	124	6	77	356	20	333	20	0
-29.2893	150.992	AUS_WAL_OA_001	2008	AUS	AUS.1	WAL	Oceania	2.59	168	151	50	5386	311	12	299	234	95	234	95	748	94	36	32	270	126	270	126	1
-29.2893	150.992	AUS_WAL_OA_0010	2008	AUS	AUS.1	WAL	Oceania	2.96	168	151	50	5386	311	12	299	234	95	234	95	748	94	36	32	270	126	270	126	1
-29.2893	150.992	AUS_WAL_OA_0011	2008	AUS	AUS.1	WAL	Oceania	1.84	168	151	50	5386	311	12	299	234	95	234	95	748	94	36	32	270	126	270	126	1
-29.2893	150.992	AUS_WAL_OA_0012	2008	AUS	AUS.1	WAL	Oceania	2	168	151	50	5386	311	12	299	234	95	234	95	748	94	36	32	270	126	270	126	1
-29.2893	150.992	AUS_WAL_OA_0013	2008	AUS	AUS.1	WAL	Oceania	2.18	168	151	50	5386	311	12	299	234	95	234	95	748	94	36	32	270	126	270	126	1
-29.2893	150.992	AUS_WAL_OA_0014	2008	AUS	AUS.1	WAL	Oceania	1.39	168	151	50	5386	311	12	299	234	95	234	95	748	94	36	32	270	126	270	126	1
-29.2893	150.992	AUS_WAL_OA_0015	2008	AUS	AUS.1	WAL	Oceania	4.91	168	151	50	5386	311	12	299	234	95	234	95	748	94	36	32	270	126	270	126	1
-29.2893	150.992	AUS_WAL_OA_008	2008	AUS	AUS.1	WAL	Oceania	4.29	168	151	50	5386	311	12	299	234	95	234	95	748	94	36	32	270	126	270	126	1
-29.2893	150.992	AUS_WAL_OA_009	2008	AUS	AUS.1	WAL	Oceania	2	168	151	50	5386	311	12	299	234	95	234	95	748	94	36	32	270	126	270	126	1
-29.2893	150.992	AUS_WAL_OA_010	2008	AUS	AUS.1	WAL	Oceania	2.83	168	151	50	5386	311	12	299	234	95	234	95	748	94	36	32	270	126	270	126	1
-29.2893	150.992	AUS_WAL_OA_011	2008	AUS	AUS.1	WAL	Oceania	3.04	168	151	50	5386	311	12	299	234	95	234	95	748	94	36	32	270	126	270	126	1
-29.2893	150.992	AUS_WAL_OA_012	2008	AUS	AUS.1	WAL	Oceania	2.47	168	151	50	5386	311	12	299	234	95	234	95	748	94	36	32	270	126	270	126	1
-29.2893	150.992	AUS_WAL_OA_013	2008	AUS	AUS.1	WAL	Oceania	1.88	168	151	50	5386	311	12	299	234	95	234	95	748	94	36	32	270	126	270	126	1
-29.2893	150.992	AUS_WAL_OA_014	2008	AUS	AUS.1	WAL	Oceania	1.9	168	151	50	5386	311	12	299	234	95	234	95	748	94	36	32	270	126	270	126	1
-29.2893	150.992	AUS_WAL_OA_015	2008	AUS	AUS.1	WAL	Oceania	2.22	168	151	50	5386	311	12	299	234	95	234	95	748	94	36	32	270	126	270	126	1
-30.5016	151.6662	ITA_NAP_CH_001	2004	ITA	AUS.2	NAP	Oceania	1.63	131	131	50	4758	259	-1	260	189	101	189	68	793	114	42	34	297	139	297	140	0
-30.5016	151.6662	ITA_NAP_CH_0010	2004	ITA	AUS.2	NAP	Oceania	1.85	131	131	50	4758	259	-1	260	189	101	189	68	793	114	42	34	297	139	297	140	0
-30.5016	151.6662	ITA_NAP_CH_003	2004	ITA	AUS.2	NAP	Oceania	3.74	131	131	50	4758	259	-1	260	189	101	189	68	793	114	42	34	297	139	297	140	0
-30.5016	151.6662	ITA_NAP_CH_004	2004	ITA	AUS.2	NAP	Oceania	5.43	131	131	50	4758	259	-1	260	189	101	189	68	793	114	42	34	297	139	297	140	0
-30.5016	151.6662	ITA_NAP_CH_005	2004	ITA	AUS.2	NAP	Oceania	1.17	131	131	50	4758	259	-1	260	189	101	189	68	793	114	42	34	297	139	297	140	0
-30.5016	151.6662	ITA_NAP_CH_006	2004	ITA	AUS.2	NAP	Oceania	5.66	131	131	50	4758	259	-1	260	189	101	189	68	793	114	42	34	297	139	297	140	0
-30.5016	151.6662	ITA_NAP_CH_007	2004	ITA	AUS.2	NAP	Oceania	2.31	131	131	50	4758	259	-1	260	189	101	189	68	793	114	42	34	297	139	297	140	0
-30.5016	151.6662	ITA_NAP_CH_008	2004	ITA	AUS.2	NAP	Oceania	2.1	131	131	50	4758	259	-1	260	189	101	189	68	793	114	42	34	297	139	297	140	0
-30.5016	151.6662	ITA_NAP_CH_009	2004	ITA	AUS.2	NAP	Oceania	2.12	131	131	50	4758	259	-1	260	189	101	189	68	793	114	42	34	297	139	297	140	0
-30.5016	151.6662	ITA_NAP_CH_010	2004	ITA	AUS.2	NAP	Oceania	1.35	131	131	50	4758	259	-1	260	189	101	189	68	793	114	42	34	297	139	297	140	0
-30.5096	29.4063	STA_KOK_OA_001	2011	STA	STA.1	KOK	Sub.Tropical.Africa	1.56	144	144	58	3595	252	5	247	186	94	186	94	794	135	12	65	369	44	369	44	1
-30.5096	29.4063	STA_KOK_OA_0010	2011	STA	STA.1	KOK	Sub.Tropical.Africa	1.08	144	144	58	3595	252	5	247	186	94	186	94	794	135	12	65	369	44	369	44	1
-30.5096	29.4063	STA_KOK_OA_0012	2011	STA	STA.1	KOK	Sub.Tropical.Africa	0.77	144	144	58	3595	252	5	247	186	94	186	94	794	135	12	65	369	44	369	44	1
-30.5096	29.4063	STA_KOK_OA_0013	2011	STA	STA.1	KOK	Sub.Tropical.Africa	1.44	144	144	58	3595	252	5	247	186	94	186	94	794	135	12	65	369	44	369	44	1
-30.5096	29.4063	STA_KOK_OA_0014	2011	STA	STA.1	KOK	Sub.Tropical.Africa	3.35	144	144	58	3595	252	5	247	186	94	186	94	794	135	12	65	369	44	369	44	1
-30.5096	29.4063	STA_KOK_OA_0015	2011	STA	STA.1	KOK	Sub.Tropical.Africa	5.42	144	144	58	3595	252	5	247	186	94	186	94	794	135	12	65	369	44	369	44	1
-30.5096	29.4063	STA_KOK_OA_008	2011	STA	STA.1	KOK	Sub.Tropical.Africa	14.75	144	144	58	3595	252	5	247	186	94	186	94	794	135	12	65	369	44	369	44	1
-30.5096	29.4063	STA_KOK_OA_009	2011	STA	STA.1	KOK	Sub.Tropical.Africa	2.29	144	144	58	3595	252	5	247	186	94	186	94	794	135	12	65	369	44	369	44	1
-30.5096	29.4063	STA_KOK_OA_010	2011	STA	STA.1	KOK	Sub.Tropical.Africa	1.25	144	144	58	3595	252	5	247	186	94	186	94	794	135	12	65	369	44	369	44	1
-30.5096	29.4063	STA_KOK_OA_011	2011	STA	STA.1	KOK	Sub.Tropical.Africa	13.78	144	144	58	3595	252	5	247	186	94	186	94	794	135	12	65	369	44	369	44	1
-30.5096	29.4063	STA_KOK_OA_012	2011	STA	STA.1	KOK	Sub.Tropical.Africa	1.2	144	144	58	3595	252	5	247	186	94	186	94	794	135	12	65	369	44	369	44	1
-30.5096	29.4063	STA_KOK_OA_013	2011	STA	STA.1	KOK	Sub.Tropical.Africa	0.81	144	144	58	3595	252	5	247	186	94	186	94	794	135	12	65	369	44	369	44	1
-30.5096	29.4063	STA_KOK_OA_014	2011	STA	STA.1	KOK	Sub.Tropical.Africa	0.56	144	144	58	3595	252	5	247	186	94	186	94	794	135	12	65	369	44	369	44	1
-30.5096	29.4063	STA_KOK_OA_015	2011	STA	STA.1	KOK	Sub.Tropical.Africa	7.84	144	144	58	3595	252	5	247	186	94	186	94	794	135	12	65	369	44	369	44	1
-4.0383	21.7587	ZAI_ZAI_OA_001	1995	ZAI	ZAI	ZAI	Sub.Tropical.Africa	1.33	248	105	87	399	306	186	120	246	243	253	243	1743	229	23	44	637	136	483	136	0
-4.0383	21.7587	ZAI_ZAI_OA_0010	1995	ZAI	ZAI	ZAI	Sub.Tropical.Africa	1.33	248	105	87	399	306	186	120	246	243	253	243	1743	229	23	44	637	136	483	136	0
-4.0383	21.7587	ZAI_ZAI_OA_0011	1995	ZAI	ZAI	ZAI	Sub.Tropical.Africa	1.54	248	105	87	399	306	186	120	246	243	253	243	1743	229	23	44	637	136	483	136	0
-4.0383	21.7587	ZAI_ZAI_OA_0012	1995	ZAI	ZAI	ZAI	Sub.Tropical.Africa	1.38	248	105	87	399	306	186	120	246	243	253	243	1743	229	23	44	637	136	483	136	0
-4.0383	21.7587	ZAI_ZAI_OA_0013	1995	ZAI	ZAI	ZAI	Sub.Tropical.Africa	0.92	248	105	87	399	306	186	120	246	243	253	243	1743	229	23	44	637	136	483	136	0
-4.0383	21.7587	ZAI_ZAI_OA_0014	1995	ZAI	ZAI	ZAI	Sub.Tropical.Africa	4.78	248	105	87	399	306	186	120	246	243	253	243	1743	229	23	44	637	136	483	136	0
-4.0383	21.7587	ZAI_ZAI_OA_0015	1995	ZAI	ZAI	ZAI	Sub.Tropical.Africa	2.26	248	105	87	399	306	186	120	246	243	253	243	1743	229	23	44	637	136	483	136	0
-4.0383	21.7587	ZAI_ZAI_OA_008	1995	ZAI	ZAI	ZAI	Sub.Tropical.Africa	1.77	248	105	87	399	306	186	120	246	243	253	243	1743	229	23	44	637	136	483	136	0
-4.0383	21.7587	ZAI_ZAI_OA_009	1995	ZAI	ZAI	ZAI	Sub.Tropical.Africa	1.17	248	105	87	399	306	186	120	246	243	253	243	1743	229	23	44	637	136	483	136	0
-4.0383	21.7587	ZAI_ZAI_OA_010	1995	ZAI	ZAI	ZAI	Sub.Tropical.Africa	0.86	248	105	87	399	306	186	120	246	243	253	243	1743	229	23	44	637	136	483	136	0
-4.0383	21.7587	ZAI_ZAI_OA_011	1995	ZAI	ZAI	ZAI	Sub.Tropical.Africa	4.91	248	105	87	399	306	186	120	246	243	253	243	1743	229	23	44	637	136	483	136	0
-4.0383	21.7587	ZAI_ZAI_OA_012	1995	ZAI	ZAI	ZAI	Sub.Tropical.Africa	4.31	248	105	87	399	306	186	120	246	243	253	243	1743	229	23	44	637	136	483	136	0
-4.0383	21.7587	ZAI_ZAI_OA_013	1995	ZAI	ZAI	ZAI	Sub.Tropical.Africa	1.49	248	105	87	399	306	186	120	246	243	253	243	1743	229	23	44	637	136	483	136	0
-4.0383	21.7587	ZAI_ZAI_OA_014	1995	ZAI	ZAI	ZAI	Sub.Tropical.Africa	0.83	248	105	87	399	306	186	120	246	243	253	243	1743	229	23	44	637	136	483	136	0
-4.0383	21.7587	ZAI_ZAI_OA_015	1995	ZAI	ZAI	ZAI	Sub.Tropical.Africa	2.74	248	105	87	399	306	186	120	246	243	253	243	1743	229	23	44	637	136	483	136	0
0.1864	6.6131	STO_STO_CH_001	1999	STO	STO	STO	Western.Africa	5.01	230	69	70	835	277	179	98	230	217	239	217	2726	443	15	57	1043	110	857	110	0
0.1864	6.6131	STO_STO_CH_002	1999	STO	STO	STO	Western.Africa	1.21	230	69	70	835	277	179	98	230	217	239	217	2726	443	15	57	1043	110	857	110	0
0.1864	6.6131	STO_STO_CH_003	1999	STO	STO	STO	Western.Africa	1	230	69	70	835	277	179	98	230	217	239	217	2726	443	15	57	1043	110	857	110	0
0.1864	6.6131	STO_STO_CH_004	1999	STO	STO	STO	Western.Africa	1.07	230	69	70	835	277	179	98	230	217	239	217	2726	443	15	57	1043	110	857	110	0
0.1864	6.6131	STO_STO_CH_005	1999	STO	STO	STO	Western.Africa	1.35	230	69	70	835	277	179	98	230	217	239	217	2726	443	15	57	1043	110	857	110	0
0.1864	6.6131	STO_STO_CH_006	1999	STO	STO	STO	Western.Africa	1.04	230	69	70	835	277	179	98	230	217	239	217	2726	443	15	57	1043	110	857	110	0
0.1864	6.6131	STO_STO_CH_007	1999	STO	STO	STO	Western.Africa	3.38	230	69	70	835	277	179	98	230	217	239	217	2726	443	15	57	1043	110	857	110	0
0.1864	6.6131	STO_STO_CH_008	1999	STO	STO	STO	Western.Africa	9.01	230	69	70	835	277	179	98	230	217	239	217	2726	443	15	57	1043	110	857	110	0
0.1864	6.6131	STO_STO_CH_009	1999	STO	STO	STO	Western.Africa	0.45	230	69	70	835	277	179	98	230	217	239	217	2726	443	15	57	1043	110	857	110	0
16.265	-61.551	FRG_AVE_OA_001	2005	FRG	FRG	AVE	South.America	3.84	257	81	70	1228	308	193	115	267	238	269	238	1602	228	53	41	626	189	531	189	0
16.265	-61.551	FRG_AVE_OA_002	2005	FRG	FRG	AVE	South.America	2.64	257	81	70	1228	308	193	115	267	238	269	238	1602	228	53	41	626	189	531	189	0
16.265	-61.551	FRG_AVE_OA_003	2005	FRG	FRG	AVE	South.America	2.14	257	81	70	1228	308	193	115	267	238	269	238	1602	228	53	41	626	189	531	189	0
16.265	-61.551	FRG_AVE_OA_004	2005	FRG	FRG	AVE	South.America	2.19	257	81	70	1228	308	193	115	267	238	269	238	1602	228	53	41	626	189	531	189	0
16.265	-61.551	FRG_CES_OA_001	2005	FRG	FRG	CES	South.America	1.22	257	81	70	1228	308	193	115	267	238	269	238	1602	228	53	41	626	189	531	189	0
16.265	-61.551	FRG_CES_OA_002	2005	FRG	FRG	CES	South.America	1.45	257	81	70	1228	308	193	115	267	238	269	238	1602	228	53	41	626	189	531	189	0
16.265	-61.551	FRG_CES_OA_003	2005	FRG	FRG	CES	South.America	0.65	257	81	70	1228	308	193	115	267	238	269	238	1602	228	53	41	626	189	531	189	0
16.265	-61.551	FRG_CES_OA_004	2005	FRG	FRG	CES	South.America	1.29	257	81	70	1228	308	193	115	267	238	269	238	1602	228	53	41	626	189	531	189	0
16.265	-61.551	FRG_DAV_OA_001	2005	FRG	FRG	DAV	South.America	2.04	257	81	70	1228	308	193	115	267	238	269	238	1602	228	53	41	626	189	531	189	0
16.265	-61.551	FRG_DAV_OA_002	2005	FRG	FRG	DAV	South.America	0.52	257	81	70	1228	308	193	115	267	238	269	238	1602	228	53	41	626	189	531	189	0
16.265	-61.551	FRG_DAV_OA_003	2005	FRG	FRG	DAV	South.America	3.45	257	81	70	1228	308	193	115	267	238	269	238	1602	228	53	41	626	189	531	189	0
16.265	-61.551	FRG_DAV_OA_004	2005	FRG	FRG	DAV	South.America	8.48	257	81	70	1228	308	193	115	267	238	269	238	1602	228	53	41	626	189	531	189	0
16.265	-61.551	FRG_DEJ_OA_001	2005	FRG	FRG	DEJ	South.America	14.72	257	81	70	1228	308	193	115	267	238	269	238	1602	228	53	41	626	189	531	189	0
16.265	-61.551	FRG_DEJ_OA_002	2005	FRG	FRG	DEJ	South.America	14.65	257	81	70	1228	308	193	115	267	238	269	238	1602	228	53	41	626	189	531	189	0
16.265	-61.551	FRG_DEJ_OA_003	2005	FRG	FRG	DEJ	South.America	15.24	257	81	70	1228	308	193	115	267	238	269	238	1602	228	53	41	626	189	531	189	0
16.265	-61.551	FRG_DEJ_OA_004	2005	FRG	FRG	DEJ	South.America	1.85	257	81	70	1228	308	193	115	267	238	269	238	1602	228	53	41	626	189	531	189	0
16.265	-61.551	FRG_MEY_OA_001	2005	FRG	FRG	MEY	South.America	1.38	257	81	70	1228	308	193	115	267	238	269	238	1602	228	53	41	626	189	531	189	0
16.265	-61.551	FRG_MEY_OA_002	2005	FRG	FRG	MEY	South.America	2.65	257	81	70	1228	308	193	115	267	238	269	238	1602	228	53	41	626	189	531	189	0
16.265	-61.551	FRG_MEY_OA_003	2005	FRG	FRG	MEY	South.America	10.67	257	81	70	1228	308	193	115	267	238	269	238	1602	228	53	41	626	189	531	189	0
16.265	-61.551	FRG_ROB_OA_001	2005	FRG	FRG	ROB	South.America	1.55	257	81	70	1228	308	193	115	267	238	269	238	1602	228	53	41	626	189	531	189	0
16.265	-61.551	FRG_ROB_OA_002	2005	FRG	FRG	ROB	South.America	2.85	257	81	70	1228	308	193	115	267	238	269	238	1602	228	53	41	626	189	531	189	0
16.265	-61.551	FRG_ROB_OA_003	2005	FRG	FRG	ROB	South.America	3.23	257	81	70	1228	308	193	115	267	238	269	238	1602	228	53	41	626	189	531	189	0
16.265	-61.551	FRG_ROB_OA_004	2005	FRG	FRG	ROB	South.America	2.47	257	81	70	1228	308	193	115	267	238	269	238	1602	228	53	41	626	189	531	189	0
16.5388	-23.0418	CAP_CAP_CH_0010	1999	CAP	CAP	CAP	Western.Africa	1.06	NA	NA	NA	NA	NA	NA	NA	NA	NA	NA	NA	NA	NA	NA	NA	NA	NA	NA	NA	0
16.5388	-23.0418	CAP_CAP_CH_0011	1999	CAP	CAP	CAP	Western.Africa	0.47	NA	NA	NA	NA	NA	NA	NA	NA	NA	NA	NA	NA	NA	NA	NA	NA	NA	NA	NA	0
16.5388	-23.0418	CAP_CAP_CH_0013	1999	CAP	CAP	CAP	Western.Africa	0.31	NA	NA	NA	NA	NA	NA	NA	NA	NA	NA	NA	NA	NA	NA	NA	NA	NA	NA	NA	0
16.5388	-23.0418	CAP_CAP_CH_0014	1999	CAP	CAP	CAP	Western.Africa	0.47	NA	NA	NA	NA	NA	NA	NA	NA	NA	NA	NA	NA	NA	NA	NA	NA	NA	NA	NA	0
16.5388	-23.0418	CAP_CAP_CH_0015	1999	CAP	CAP	CAP	Western.Africa	2.14	NA	NA	NA	NA	NA	NA	NA	NA	NA	NA	NA	NA	NA	NA	NA	NA	NA	NA	NA	0
16.5388	-23.0418	CAP_CAP_CH_008	1999	CAP	CAP	CAP	Western.Africa	0.2	NA	NA	NA	NA	NA	NA	NA	NA	NA	NA	NA	NA	NA	NA	NA	NA	NA	NA	NA	0
16.5388	-23.0418	CAP_CAP_CH_013	1999	CAP	CAP	CAP	Western.Africa	0.28	NA	NA	NA	NA	NA	NA	NA	NA	NA	NA	NA	NA	NA	NA	NA	NA	NA	NA	NA	0
31.7917	-7.0926	MOR_MAR_OA_001	2000	MOR	MOR	MAR	Mediterranean.Area	1.42	182	163	47	5949	371	27	344	142	259	259	106	374	57	1	63	155	13	13	135	0
31.7917	-7.0926	MOR_MAR_OA_0010	2000	MOR	MOR	MAR	Mediterranean.Area	1.86	182	163	47	5949	371	27	344	142	259	259	106	374	57	1	63	155	13	13	135	0
31.7917	-7.0926	MOR_MAR_OA_0011	2000	MOR	MOR	MAR	Mediterranean.Area	1.02	182	163	47	5949	371	27	344	142	259	259	106	374	57	1	63	155	13	13	135	0
31.7917	-7.0926	MOR_MAR_OA_0012	2000	MOR	MOR	MAR	Mediterranean.Area	2.42	182	163	47	5949	371	27	344	142	259	259	106	374	57	1	63	155	13	13	135	0
31.7917	-7.0926	MOR_MAR_OA_0013	2000	MOR	MOR	MAR	Mediterranean.Area	2.04	182	163	47	5949	371	27	344	142	259	259	106	374	57	1	63	155	13	13	135	0
31.7917	-7.0926	MOR_MAR_OA_0014	2000	MOR	MOR	MAR	Mediterranean.Area	13.1	182	163	47	5949	371	27	344	142	259	259	106	374	57	1	63	155	13	13	135	0
31.7917	-7.0926	MOR_MAR_OA_0015	2000	MOR	MOR	MAR	Mediterranean.Area	8.1	182	163	47	5949	371	27	344	142	259	259	106	374	57	1	63	155	13	13	135	0
31.7917	-7.0926	MOR_MAR_OA_002	2000	MOR	MOR	MAR	Mediterranean.Area	0.28	182	163	47	5949	371	27	344	142	259	259	106	374	57	1	63	155	13	13	135	0
31.7917	-7.0926	MOR_MAR_OA_003	2000	MOR	MOR	MAR	Mediterranean.Area	0.75	182	163	47	5949	371	27	344	142	259	259	106	374	57	1	63	155	13	13	135	0
31.7917	-7.0926	MOR_MAR_OA_005	2000	MOR	MOR	MAR	Mediterranean.Area	1.41	182	163	47	5949	371	27	344	142	259	259	106	374	57	1	63	155	13	13	135	0
31.7917	-7.0926	MOR_MAR_OA_006	2000	MOR	MOR	MAR	Mediterranean.Area	0.52	182	163	47	5949	371	27	344	142	259	259	106	374	57	1	63	155	13	13	135	0
31.7917	-7.0926	MOR_MAR_OA_008	2000	MOR	MOR	MAR	Mediterranean.Area	1.37	182	163	47	5949	371	27	344	142	259	259	106	374	57	1	63	155	13	13	135	0
31.7917	-7.0926	MOR_MAR_OA_009	2000	MOR	MOR	MAR	Mediterranean.Area	11.21	182	163	47	5949	371	27	344	142	259	259	106	374	57	1	63	155	13	13	135	0
37.7412	-25.6756	POR_ACO_CH_001	1999	POR	ACO	ACO	Mediterranean.Area	3.7	174	59	40	2771	256	112	144	155	205	214	143	991	134	32	40	375	105	157	308	0
37.7412	-25.6756	POR_ACO_CH_002	1999	POR	ACO	ACO	Mediterranean.Area	0.24	174	59	40	2771	256	112	144	155	205	214	143	991	134	32	40	375	105	157	308	0
37.7412	-25.6756	POR_ACO_CH_003	1999	POR	ACO	ACO	Mediterranean.Area	0.41	174	59	40	2771	256	112	144	155	205	214	143	991	134	32	40	375	105	157	308	0
37.7412	-25.6756	POR_ACO_CH_004	1999	POR	ACO	ACO	Mediterranean.Area	0.17	174	59	40	2771	256	112	144	155	205	214	143	991	134	32	40	375	105	157	308	0
37.7412	-25.6756	POR_ACO_CH_005	1999	POR	ACO	ACO	Mediterranean.Area	4.44	174	59	40	2771	256	112	144	155	205	214	143	991	134	32	40	375	105	157	308	0
43.1866	-0.9449	FRA_INB_OA_002	2005	FRA	FRA.2	INB	Mediterranean.Area	7.82	126	99	41	5120	254	14	240	96	191	192	60	1031	122	51	20	324	199	211	304	0
43.1866	-0.9449	FRA_INB_OA_003	2005	FRA	FRA.2	INB	Mediterranean.Area	0.78	126	99	41	5120	254	14	240	96	191	192	60	1031	122	51	20	324	199	211	304	0
43.1866	-0.9449	FRA_LAR_OA_001	2004	FRA	FRA.2	LAR	Mediterranean.Area	0.32	126	99	41	5120	254	14	240	96	191	192	60	1031	122	51	20	324	199	211	304	0
43.1866	-0.9449	FRA_LAR_OA_004	2004	FRA	FRA.2	LAR	Mediterranean.Area	0.72	126	99	41	5120	254	14	240	96	191	192	60	1031	122	51	20	324	199	211	304	0
43.1866	-0.9449	FRA_DEL_OA_002	2005	FRA	FRA.2	DEL	Mediterranean.Area	0.62	126	99	41	5120	254	14	240	96	191	192	60	1031	122	51	20	324	199	211	304	0
43.1866	-0.9449	FRA_GAR_OA_001	2005	FRA	FRA.2	GAR	Mediterranean.Area	5.59	126	99	41	5120	254	14	240	96	191	192	60	1031	122	51	20	324	199	211	304	0
43.1866	-0.9449	FRA_LAR_OA_003	2004	FRA	FRA.2	LAR	Mediterranean.Area	0.58	126	99	41	5120	254	14	240	96	191	192	60	1031	122	51	20	324	199	211	304	0
43.1866	-0.9449	FRA_INB_OA_001	2005	FRA	FRA.2	INB	Mediterranean.Area	1.38	126	99	41	5120	254	14	240	96	191	192	60	1031	122	51	20	324	199	211	304	0
43.1866	-0.9449	FRA_GAR_OA_004	2005	FRA	FRA.2	GAR	Mediterranean.Area	1.37	126	99	41	5120	254	14	240	96	191	192	60	1031	122	51	20	324	199	211	304	0
43.1866	-0.9449	FRA_LAT_OA_002	2005	FRA	FRA.2	LAT	Mediterranean.Area	0.48	126	99	41	5120	254	14	240	96	191	192	60	1031	122	51	20	324	199	211	304	0
43.1866	-0.9449	FRA_GAR_OA_002	2005	FRA	FRA.2	GAR	Mediterranean.Area	1.38	126	99	41	5120	254	14	240	96	191	192	60	1031	122	51	20	324	199	211	304	0
43.1866	-0.9449	FRA_GAR_OA_003	2005	FRA	FRA.2	GAR	Mediterranean.Area	0.76	126	99	41	5120	254	14	240	96	191	192	60	1031	122	51	20	324	199	211	304	0
43.9251	2.1486	FRA_HAI_OA_001	2009	FRA	FRA.3	HAI	Mediterranean.Area	0.47	131	102	38	5762	277	12	265	95	205	205	56	730	75	38	14	199	153	153	196	0
43.9251	2.1486	FRA_HAI_OA_003	2009	FRA	FRA.3	HAI	Mediterranean.Area	0.49	131	102	38	5762	277	12	265	95	205	205	56	730	75	38	14	199	153	153	196	0
43.9251	2.1486	FRA_HER_OA_001	2005	FRA	FRA.3	HER	Mediterranean.Area	0.59	131	102	38	5762	277	12	265	95	205	205	56	730	75	38	14	199	153	153	196	0
43.9251	2.1486	FRA_HER_OA_002	2005	FRA	FRA.3	HER	Mediterranean.Area	0.73	131	102	38	5762	277	12	265	95	205	205	56	730	75	38	14	199	153	153	196	0
43.9251	2.1486	FRA_HER_OA_003	2005	FRA	FRA.3	HER	Mediterranean.Area	0.12	131	102	38	5762	277	12	265	95	205	205	56	730	75	38	14	199	153	153	196	0
43.9251	2.1486	FRA_HER_OA_004	2005	FRA	FRA.3	HER	Mediterranean.Area	0.5	131	102	38	5762	277	12	265	95	205	205	56	730	75	38	14	199	153	153	196	0
45.6836	2.8415	FRA_ORB_OA_001	2008	FRA	FRA.4	ORB	Mediterranean.Area	5.35	77	96	39	5435	215	-31	246	129	17	147	9	834	102	49	22	257	158	242	171	0
45.6836	2.8415	FRA_ORB_OA_002	2008	FRA	FRA.4	ORB	Mediterranean.Area	1.6	77	96	39	5435	215	-31	246	129	17	147	9	834	102	49	22	257	158	242	171	0
45.6836	2.8415	FRA_ORB_OA_003	2008	FRA	FRA.4	ORB	Mediterranean.Area	1.46	77	96	39	5435	215	-31	246	129	17	147	9	834	102	49	22	257	158	242	171	0
45.6836	2.8415	FRA_ORB_OA_004	2008	FRA	FRA.4	ORB	Mediterranean.Area	3.53	77	96	39	5435	215	-31	246	129	17	147	9	834	102	49	22	257	158	242	171	0
46.3237	-0.4648	FRA_BER_CH_001	1999	FRA	FRA.1	BER	Mediterranean.Area	3.83	123	87	38	5259	248	20	228	64	190	190	55	791	95	43	23	265	155	155	235	0
46.3237	-0.4648	FRA_BER_CH_002	1999	FRA	FRA.1	BER	Mediterranean.Area	3.83	123	87	38	5259	248	20	228	64	190	190	55	791	95	43	23	265	155	155	235	0
46.3237	-0.4648	FRA_BER_CH_003	1999	FRA	FRA.1	BER	Mediterranean.Area	4.54	123	87	38	5259	248	20	228	64	190	190	55	791	95	43	23	265	155	155	235	0
46.3237	-0.4648	FRA_BER_CH_004	1999	FRA	FRA.1	BER	Mediterranean.Area	2.74	123	87	38	5259	248	20	228	64	190	190	55	791	95	43	23	265	155	155	235	0
46.3237	-0.4648	FRA_BOL_CH_001	1999	FRA	FRA.1	BOL	Mediterranean.Area	3.48	123	87	38	5259	248	20	228	64	190	190	55	791	95	43	23	265	155	155	235	0
46.3237	-0.4648	FRA_BOL_CH_002	1999	FRA	FRA.1	BOL	Mediterranean.Area	3.04	123	87	38	5259	248	20	228	64	190	190	55	791	95	43	23	265	155	155	235	0
46.3237	-0.4648	FRA_BOL_CH_003	1999	FRA	FRA.1	BOL	Mediterranean.Area	5.38	123	87	38	5259	248	20	228	64	190	190	55	791	95	43	23	265	155	155	235	0
46.3237	-0.4648	FRA_BOL_CH_004	1999	FRA	FRA.1	BOL	Mediterranean.Area	11.78	123	87	38	5259	248	20	228	64	190	190	55	791	95	43	23	265	155	155	235	0
46.3237	-0.4648	FRA_CER_CH_001	1998	FRA	FRA.1	CER	Mediterranean.Area	0.83	123	87	38	5259	248	20	228	64	190	190	55	791	95	43	23	265	155	155	235	0
46.3237	-0.4648	FRA_CER_CH_002	1998	FRA	FRA.1	CER	Mediterranean.Area	0.53	123	87	38	5259	248	20	228	64	190	190	55	791	95	43	23	265	155	155	235	0
46.3237	-0.4648	FRA_CER_CH_003	1998	FRA	FRA.1	CER	Mediterranean.Area	5.27	123	87	38	5259	248	20	228	64	190	190	55	791	95	43	23	265	155	155	235	0
46.3237	-0.4648	FRA_CER_CH_004	1998	FRA	FRA.1	CER	Mediterranean.Area	3.3	123	87	38	5259	248	20	228	64	190	190	55	791	95	43	23	265	155	155	235	0
46.3237	-0.4648	FRA_POU_CH_004	1998	FRA	FRA.1	POU	Mediterranean.Area	3.42	123	87	38	5259	248	20	228	64	190	190	55	791	95	43	23	265	155	155	235	0
46.3237	-0.4648	FRA_SER_CH_001	1999	FRA	FRA.1	SER	Mediterranean.Area	1.86	123	87	38	5259	248	20	228	64	190	190	55	791	95	43	23	265	155	155	235	0
46.3237	-0.4648	FRA_SER_CH_002	1999	FRA	FRA.1	SER	Mediterranean.Area	0.31	123	87	38	5259	248	20	228	64	190	190	55	791	95	43	23	265	155	155	235	0
46.3237	-0.4648	FRA_SER_CH_003	1999	FRA	FRA.1	SER	Mediterranean.Area	2.89	123	87	38	5259	248	20	228	64	190	190	55	791	95	43	23	265	155	155	235	0
46.3237	-0.4648	FRA_SER_CH_004	1999	FRA	FRA.1	SER	Mediterranean.Area	1.5	123	87	38	5259	248	20	228	64	190	190	55	791	95	43	23	265	155	155	235	0
46.3237	-0.4648	FRA_GCH_CH_001	1999	FRA	FRA.1	GCH	Mediterranean.Area	6.27	123	87	38	5259	248	20	228	64	190	190	55	791	95	43	23	265	155	155	235	0
46.3237	-0.4648	FRA_GCH_CH_002	1999	FRA	FRA.1	GCH	Mediterranean.Area	0.66	123	87	38	5259	248	20	228	64	190	190	55	791	95	43	23	265	155	155	235	0
46.3237	-0.4648	FRA_GCH_CH_003	1999	FRA	FRA.1	GCH	Mediterranean.Area	2.9	123	87	38	5259	248	20	228	64	190	190	55	791	95	43	23	265	155	155	235	0
46.3237	-0.4648	FRA_GCH_CH_004	1999	FRA	FRA.1	GCH	Mediterranean.Area	1.13	123	87	38	5259	248	20	228	64	190	190	55	791	95	43	23	265	155	155	235	0
46.3237	-0.4648	FRA_GRO_CH_001	1999	FRA	FRA.1	GRO	Mediterranean.Area	2.55	123	87	38	5259	248	20	228	64	190	190	55	791	95	43	23	265	155	155	235	0
46.3237	-0.4648	FRA_GRO_CH_002	1999	FRA	FRA.1	GRO	Mediterranean.Area	4.51	123	87	38	5259	248	20	228	64	190	190	55	791	95	43	23	265	155	155	235	0
46.3237	-0.4648	FRA_GRO_CH_003	1999	FRA	FRA.1	GRO	Mediterranean.Area	2.46	123	87	38	5259	248	20	228	64	190	190	55	791	95	43	23	265	155	155	235	0
46.3237	-0.4648	FRA_GRO_CH_004	1999	FRA	FRA.1	GRO	Mediterranean.Area	1.7	123	87	38	5259	248	20	228	64	190	190	55	791	95	43	23	265	155	155	235	0
46.3237	-0.4648	FRA_POU_CH_003	1998	FRA	FRA.1	POU	Mediterranean.Area	2.52	123	87	38	5259	248	20	228	64	190	190	55	791	95	43	23	265	155	155	235	0
46.3237	-0.4648	FRA_HUM_CH_001	1999	FRA	FRA.1	HUM	Mediterranean.Area	4.98	123	87	38	5259	248	20	228	64	190	190	55	791	95	43	23	265	155	155	235	0
46.3237	-0.4648	FRA_HOC_CH_002	1999	FRA	FRA.1	HOC	Mediterranean.Area	4.35	123	87	38	5259	248	20	228	64	190	190	55	791	95	43	23	265	155	155	235	0
46.3237	-0.4648	FRA_HOC_CH_003	1999	FRA	FRA.1	HOC	Mediterranean.Area	3.85	123	87	38	5259	248	20	228	64	190	190	55	791	95	43	23	265	155	155	235	0
46.3237	-0.4648	FRA_HOC_CH_004	1999	FRA	FRA.1	HOC	Mediterranean.Area	2.91	123	87	38	5259	248	20	228	64	190	190	55	791	95	43	23	265	155	155	235	0
46.3237	-0.4648	FRA_POU_CH_002	1998	FRA	FRA.1	POU	Mediterranean.Area	9.61	123	87	38	5259	248	20	228	64	190	190	55	791	95	43	23	265	155	155	235	0
46.3237	-0.4648	FRA_HUM_CH_002	1999	FRA	FRA.1	HUM	Mediterranean.Area	1.75	123	87	38	5259	248	20	228	64	190	190	55	791	95	43	23	265	155	155	235	0
46.3237	-0.4648	FRA_HUM_CH_003	1999	FRA	FRA.1	HUM	Mediterranean.Area	1.7	123	87	38	5259	248	20	228	64	190	190	55	791	95	43	23	265	155	155	235	0
46.3237	-0.4648	FRA_HUM_CH_004	1999	FRA	FRA.1	HUM	Mediterranean.Area	3.08	123	87	38	5259	248	20	228	64	190	190	55	791	95	43	23	265	155	155	235	0
46.3237	-0.4648	FRA_POU_CH_001	1998	FRA	FRA.1	POU	Mediterranean.Area	0.91	123	87	38	5259	248	20	228	64	190	190	55	791	95	43	23	265	155	155	235	0
9.3077	2.3158	BEN_BEN_OA_001	2002	BEN	BEN	BEN	Western.Africa	0.3	268	128	68	1437	371	183	188	249	268	288	249	1145	237	2	88	657	11	119	657	0
9.3077	2.3158	BEN_BEN_OA_007	2002	BEN	BEN	BEN	Western.Africa	0.7	268	128	68	1437	371	183	188	249	268	288	249	1145	237	2	88	657	11	119	657	0
9.3077	2.3158	BEN_BEN_OA_008	2002	BEN	BEN	BEN	Western.Africa	0.16	268	128	68	1437	371	183	188	249	268	288	249	1145	237	2	88	657	11	119	657	0
9.3077	2.3158	BEN_BEN_OA_009	2002	BEN	BEN	BEN	Western.Africa	0.1	268	128	68	1437	371	183	188	249	268	288	249	1145	237	2	88	657	11	119	657	0
9.3077	2.3158	BEN_BEN_OA_010	2002	BEN	BEN	BEN	Western.Africa	0.39	268	128	68	1437	371	183	188	249	268	288	249	1145	237	2	88	657	11	119	657	0
